#wavelength (micron)	brightness temperature (K)
0.6450077295303345	1412.1914983229863
0.6472567915916443	1412.950287161349
0.6494921445846558	1413.1586419758596
0.6517150402069092	1413.9869341272877
0.6539263725280762	1414.2336817388627
0.6561272740364075	1414.966678498892
0.6583186388015747	1415.3321036454688
0.6605015397071838	1416.0746754654658
0.6626768708229065	1416.2906919290856
0.6648455858230591	1416.5808566077342
0.6670085787773132	1417.0481558424149
0.6691668033599854	1417.6200467490592
0.6713210344314575	1413.6696449923138
0.6734722256660461	1418.3355324424745
0.6756211519241333	1419.1400420838613
0.6777685880661011	1418.5414634021265
0.6799154281616211	1419.945920053255
0.6820623278617859	1420.6390849929364
0.6842101216316223	1421.2199611357469
0.6863595843315125	1421.1674829399317
0.688511312007904	1421.5826192634086
0.6906660795211792	1421.9566548762227
0.6928245425224304	1421.9055594163074
0.6949873566627502	1423.1458211434692
0.6971551775932312	1423.3261326756005
0.6993286609649658	1423.7015354768696
0.7015084028244019	1424.4937382404682
0.7036949396133423	1425.4226547370386
0.7058889269828796	1425.0482527061276
0.7080909013748169	1425.435816497037
0.710301399230957	1425.7287474515263
0.712520956993103	1425.6980256300485
0.7147500514984131	1426.6196105367032
0.7169892191886902	1427.296817265876
0.7192389369010925	1427.8695225861222
0.7214996814727783	1428.347704470508
0.723771870136261	1428.9447933926108
0.7260559797286987	1429.6836673911139
0.7283523678779602	1429.6705797126178
0.7306615710258484	1430.4463996936731
0.7329838871955872	1430.5393942113888
0.7353196740150452	1424.8245382891355
0.7376693487167358	1425.4995817458514
0.7400332689285278	1423.0082490317254
0.7424117922782898	1421.7787405617476
0.7448052167892456	1421.0152300689895
0.7472138404846191	1421.9280869732793
0.7496379613876343	1423.3344276125194
0.7520779371261597	1423.6291899169576
0.7545340061187744	1425.3555509346459
0.7570064663887024	1426.0177476328852
0.7594954967498779	1425.8208247791704
0.7620013952255249	1424.5379447885043
0.7645244002342224	1409.8409554058346
0.7670646905899048	1358.459332697913
0.7696225643157959	1373.5805211624331
0.7721980810165405	1408.894332789532
0.7747915983200073	1426.0815193801045
0.7774031162261963	1432.326212931318
0.7800329327583313	1414.020497669949
0.7826811671257019	1436.7204843717166
0.7853479981422424	1438.3639367397795
0.7880334854125977	1439.3171344693683
0.7907378077507019	1439.577068891174
0.7934610247612	1438.320047390006
0.7962033748626709	1439.030818367803
0.7989648580551147	1440.5877739826867
0.801745593547821	1440.1801979183795
0.8045456409454346	1441.2636014105633
0.8073651194572449	1443.4448256651322
0.8102040886878967	1446.0670918263643
0.8130625486373901	1448.2291826570913
0.8159406185150146	1450.2945959867418
0.8188382983207703	1450.171984804377
0.8217556476593018	1452.183405098439
0.8246926665306091	1454.0771268556816
0.8276493549346924	1454.4493597835058
0.8306257724761963	1454.9146120714483
0.8336219191551208	1455.913275557087
0.8366377949714661	1456.7340147798684
0.8396733403205872	1457.9285778783933
0.8427285552024841	1457.7988414992694
0.8458034992218018	1456.1981496107708
0.8488980531692505	1457.2567676653955
0.8520121574401855	1456.7437268069193
0.8551458716392517	1454.2421383647181
0.8582990765571594	1453.950239240478
0.8614717125892639	1452.7066835556109
0.8646637797355652	1451.4499191077145
0.8678751587867737	1450.5513112523524
0.8711057901382446	1452.112678476093
0.8743556141853333	1453.6076801904403
0.87762451171875	1456.750157613281
0.8809124231338501	1461.2409404387147
0.8842192888259888	1463.3955433302276
0.8875449895858765	1463.6134454640962
0.8908893465995789	1466.3015288935994
0.894252359867096	1462.761975072721
0.8976338505744934	1468.0725223145812
0.9010337591171265	1471.1469960778222
0.9044519662857056	1473.6033236100232
0.9078882932662964	1473.6915989114152
0.9113426208496094	1475.7733296730955
0.914814829826355	1477.4587318607398
0.9183048605918884	1481.2581086242235
0.9218124747276306	1478.0404449270995
0.925337553024292	1477.5380400654872
0.9288799166679382	1474.826864668343
0.9324395060539246	1476.0950747193256
0.9360161423683167	1476.9807984799338
0.9396095871925354	1478.9271863742993
0.943219780921936	1480.5905109854646
0.9468464851379395	1485.2266862577785
0.9504896402359009	1483.655928642771
0.9541489481925964	1487.4847259093945
0.9578243494033813	1490.3497343819179
0.9615156054496765	1488.7051063150705
0.9652225375175476	1489.0073906905982
0.9689450263977051	1491.4848005071467
0.9726828336715698	1491.227604204755
0.9764357805252075	1492.6735510175085
0.9802037477493286	1495.0199081035032
0.983986496925354	1495.0444072853174
0.9877838492393494	1498.3143348416174
0.9915955662727356	1487.180861441361
0.9954215884208679	1495.5954345920961
0.9992615580558777	1488.9910455456804
1.0031154155731201	1494.0189559005398
1.0069829225540161	1494.1145688478289
1.0108637809753418	1494.7616158214394
1.0147579908370972	1495.8712853387844
1.018665075302124	1496.6024122627766
1.022585153579712	1500.1388712473251
1.0265177488327026	1495.1117909870804
1.0304628610610962	1501.5638037531908
1.0344202518463135	1503.1618422776173
1.0383895635604858	1505.8583043667463
1.0423706769943237	1505.0058728711535
1.0463634729385376	1506.5621809122845
1.0503677129745483	1511.4071524958367
1.0543830394744873	1508.6270768664383
1.058409333229065	1511.2191262077579
1.0624464750289917	1513.6136494284008
1.0664942264556885	1514.1848347305604
1.0705522298812866	1523.8878018969497
1.0746204853057861	1522.1931437874157
1.0786986351013184	1523.9871598234379
1.0827864408493042	1526.3341336948356
1.086883783340454	1521.950795557733
1.0909905433654785	1526.193883049374
1.0951062440872192	1528.5633694202704
1.0992310047149658	1519.7121940949337
1.10336434841156	1522.9609503058239
1.1075061559677124	1516.5739541406856
1.1116561889648438	1523.9735099102224
1.115814208984375	1515.5809463986784
1.1199802160263062	1524.0601976767925
1.124153733253479	1527.2170497868572
1.1283347606658936	1528.616273969068
1.1325229406356812	1528.5764204203026
1.1367181539535522	1525.5130723006002
1.1409201622009277	1523.3984215401981
1.145128846168518	1533.5422339560914
1.1493438482284546	1541.5517812359033
1.1535650491714478	1539.631737343711
1.1577922105789185	1544.432667257839
1.1620250940322876	1530.6281354858202
1.1662636995315552	1535.7804379129689
1.170507550239563	1529.7534143516834
1.174756646156311	1533.3608309015851
1.1790107488632202	1526.9356128871002
1.1832695007324219	1545.3979795998882
1.1875330209732056	1542.3078593224577
1.191800832748413	1541.6616115253455
1.1960728168487549	1546.7949963065423
1.2003488540649414	1548.448362520449
1.2046287059783936	1547.687584106483
1.2089121341705322	1555.7629836094009
1.2131990194320679	1559.9172415204023
1.2174891233444214	1559.0791240417714
1.2217823266983032	1558.9114278862844
1.2260783910751343	1569.3687123193747
1.230377197265625	1566.5176142738674
1.2346785068511963	1564.650833563621
1.238982081413269	1567.2635532014294
1.2432878017425537	1551.751363113339
1.2475954294204712	1567.5493454653488
1.2519049644470215	1554.0627146686884
1.256216049194336	1563.5786762625064
1.2605286836624146	1572.9741748495865
1.2648425102233887	1570.5734449550735
1.2691574096679688	1584.7644757708097
1.2734732627868652	1581.0353784617446
1.2777899503707886	1578.5325011721236
1.2821072340011597	1581.4224531867662
1.2864248752593994	1582.0803603606735
1.2907428741455078	1580.2652444914334
1.2950609922409058	1585.028154685616
1.2993791103363037	1589.0410227505179
1.303696870803833	1591.76717492187
1.3080145120620728	1581.6377038747978
1.3123314380645752	1588.8714093961617
1.3166478872299194	1586.5764675638268
1.3209635019302368	1594.6872701966
1.3252781629562378	1577.04619270318
1.3295916318893433	1577.007175098843
1.3339040279388428	1541.7706554097022
1.3382149934768677	1523.6313559446182
1.3425244092941284	1523.606961536382
1.3468321561813354	1531.1972020433084
1.3511382341384888	1553.5939095093283
1.3554422855377197	1531.3675763016424
1.3597444295883179	1529.63758968177
1.3640443086624146	1532.6397463816738
1.3683418035507202	1539.6611146927444
1.3726370334625244	1541.5904149057737
1.3769296407699585	1541.5183301294985
1.381219506263733	1525.1453756164228
1.3855066299438477	1481.3078744215884
1.3897908926010132	1541.6894253148562
1.3940720558166504	1539.2786250775816
1.3983501195907593	1551.5604522073402
1.4026249647140503	1541.760561869567
1.4068963527679443	1529.1896454224693
1.4111642837524414	1508.3125986212724
1.4154287576675415	1543.1166328085278
1.419689416885376	1519.6235316702857
1.4239463806152344	1525.3113654146428
1.4281994104385376	1530.6178001963208
1.4324485063552856	1538.513780649337
1.436693549156189	1538.5511514865564
1.440934419631958	1552.542877517582
1.4451709985733032	1544.5090350290654
1.449403166770935	1552.8871534621364
1.453631043434143	1547.290894623198
1.4578542709350586	1557.478570628066
1.4620729684829712	1544.4020548631352
1.4662868976593018	1535.8064582447423
1.4704961776733398	1540.720384269235
1.4747005701065063	1544.8732067004
1.4788999557495117	1546.3233626011713
1.4830944538116455	1553.1344025137016
1.4872838258743286	1553.4863853564862
1.491468071937561	1555.5243962448976
1.4956470727920532	1560.4997689233924
1.4998208284378052	1554.9260044659595
1.5039892196655273	1562.8550807075583
1.5081522464752197	1571.5324331143015
1.5123097896575928	1573.5262496917912
1.5164618492126465	1571.051820220292
1.5206083059310913	1568.6769334082437
1.5247491598129272	1575.5919901586992
1.5288842916488647	1561.7278617517272
1.5330137014389038	1580.0096902795287
1.5371372699737549	1577.0479951699133
1.541254997253418	1566.5654663879595
1.545366883277893	1587.1078522994462
1.5494728088378906	1579.8155806704567
1.5535727739334106	1592.1455168091636
1.5576666593551636	1588.285875838712
1.561754584312439	1588.244186844316
1.5658363103866577	1592.2906699589953
1.5699119567871094	1603.8885768421344
1.5739814043045044	1603.5764691511122
1.5780447721481323	1613.158781004147
1.582101821899414	1605.391576108197
1.5861525535583496	1606.0110242958917
1.5901970863342285	1615.583140560904
1.5942351818084717	1615.7175205806757
1.5982669591903687	1618.6612189267403
1.6022924184799194	1631.599516733202
1.606311559677124	1626.5529675575517
1.6103241443634033	1625.1451107502123
1.6143304109573364	1633.3253348922553
1.6183301210403442	1638.9841435651954
1.6223233938217163	1638.4818072185597
1.6263102293014526	1638.152984282191
1.6302905082702637	1641.6222687764741
1.634264349937439	1647.7909402951707
1.638231635093689	1645.0042463880513
1.6421923637390137	1646.966347931126
1.646146535873413	1654.6125688998025
1.6500942707061768	1642.9825640989259
1.6540353298187256	1659.208168340674
1.6579699516296387	1652.0787363965649
1.661897897720337	1660.141058614166
1.6658192873001099	1661.3868038031565
1.6697341203689575	1664.429796613062
1.6736423969268799	1663.7087074968151
1.677544116973877	1661.029854227043
1.6814392805099487	1674.296307835565
1.6853278875350952	1669.2806543491108
1.6892099380493164	1663.7194912538014
1.6930854320526123	1659.8588712612636
1.696954369544983	1643.7478147603445
1.7008168697357178	1649.9758536991233
1.7046726942062378	1660.0830262119218
1.708522081375122	1660.8786325529443
1.712364912033081	1642.4211378006844
1.7162011861801147	1643.8738729048002
1.7200311422348022	1637.9316930827408
1.723854422569275	1631.510549874724
1.7276713848114014	1633.5466297124997
1.731481909751892	1623.7127453560192
1.7352858781814575	1628.2128297561544
1.7390835285186768	1627.9044782002763
1.7428747415542603	1615.4317211458758
1.7466596364974976	1619.8156035675647
1.7504380941390991	1630.059921400471
1.7542102336883545	1585.8067777733334
1.7579760551452637	1573.8738496664753
1.7617355585098267	1590.6000629080602
1.7654887437820435	1587.3086929995675
1.7692357301712036	1598.2136459516198
1.7729763984680176	1599.2492306264346
1.776710867881775	1546.3918397744144
1.7804391384124756	1550.3141515571751
1.7841613292694092	1551.161161841294
1.7878772020339966	1550.5578597281155
1.7915871143341064	1562.1509676725004
1.7952908277511597	1573.1457785006896
1.7989884614944458	1577.303530891847
1.8026801347732544	1566.009628055381
1.806365728378296	1579.9826753253158
1.8100452423095703	1572.6344745672652
1.8137187957763672	1581.886261632103
1.817386507987976	1553.7557057412914
1.8210482597351074	1551.3979307271961
1.8247040510177612	1581.144004109324
1.828354001045227	1572.6798265294747
1.8319982290267944	1561.3453772912485
1.8356364965438843	1510.9381665625858
1.8392690420150757	1571.573171463306
1.8428958654403687	1590.5284787176656
1.8465168476104736	1574.9813034990493
1.8501322269439697	1585.4971908365787
1.8537418842315674	1591.6529074450536
1.8573459386825562	1573.1482381656233
1.860944390296936	1547.512064745844
1.864537239074707	1508.912749466821
1.8681244850158691	1490.9802539875834
1.871706247329712	1543.5446188301519
1.8752825260162354	1558.7033290152383
1.8788533210754395	1576.416002702354
1.8824186325073242	1587.8254637578868
1.8859784603118896	1580.2958378945336
1.8895330429077148	1596.6957509842377
1.8930821418762207	1567.3377342367892
1.8966259956359863	1568.1894726627947
1.9001644849777222	1580.1816017380038
1.9036977291107178	1589.9351698930304
1.9072256088256836	1600.1276833642219
1.9107483625411987	1610.947577664565
1.9142658710479736	1609.9795484024557
1.9177782535552979	1614.4344115441334
1.9212853908538818	1612.7641014719434
1.9247875213623047	1599.7214952733668
1.9282845258712769	1608.7938630059252
1.9317764043807983	1610.7530827492667
1.9352631568908691	1571.4515853498067
1.9387450218200684	1566.7150409918183
1.942221760749817	1592.2191591394683
1.9456936120986938	1589.0438707635053
1.9491604566574097	1612.6204138307266
1.952622413635254	1611.7275176139187
1.956079363822937	1574.8576287141884
1.959531545639038	1582.333515142918
1.962978720664978	1585.992676170303
1.966421127319336	1574.3363856595481
1.9698586463928223	1586.1286795909548
1.9732913970947266	1602.769086507733
1.9767193794250488	1592.067673014107
1.9801424741744995	1588.6126773848464
1.9835609197616577	1578.0008795833364
1.9869745969772339	1596.0747237485032
1.990383505821228	1611.4358583467788
1.9937876462936401	1615.8362301238
1.9971871376037598	1621.1271138888785
2.000581979751587	1596.436598871027
2.003972291946411	1601.284695570048
2.007357597351074	1598.4013594116266
2.0107386112213135	1590.7349919368146
2.0141148567199707	1615.6585136497645
2.017486572265625	1603.1489445155466
2.0208535194396973	1601.5548643246723
2.0242159366607666	1615.574651583614
2.027573823928833	1600.8924308357186
2.0309269428253174	1620.9705745906335
2.034275770187378	1609.9833599540545
2.0376198291778564	1578.9802863754073
2.040959596633911	1603.8970017860654
2.044294595718384	1626.073109841787
2.0476250648498535	1612.9752596178555
2.0509510040283203	1616.5551204147973
2.054272413253784	1632.7860126083197
2.057589530944824	1646.1837805799032
2.0609018802642822	1632.467665516318
2.0642096996307373	1622.698940531625
2.0675129890441895	1634.1869246676997
2.0708119869232178	1628.507857089321
2.074106216430664	1638.468961338773
2.0773961544036865	1640.4887863499787
2.080681324005127	1640.416597024746
2.0839622020721436	1641.1964067169883
2.087238311767578	1641.1672239827517
2.090510129928589	1639.6806916145263
2.0937774181365967	1634.1838156595397
2.0970399379730225	1635.9806672345035
2.1002981662750244	1649.6884688721937
2.1035518646240234	1653.2725668790602
2.1068007946014404	1654.1698110133061
2.1100454330444336	1654.9264406875
2.1132853031158447	1649.6332557418425
2.116520881652832	1643.0906262041146
2.1197516918182373	1640.6765934729497
2.1229779720306396	1654.46979408559
2.12619948387146	1664.2231955978086
2.1294167041778564	1655.815317157027
2.132629156112671	1665.5018949641913
2.1358368396759033	1671.8001256382424
2.139039993286133	1670.9789973819977
2.1422386169433594	1679.8152728153427
2.145432472229004	1678.1047276709915
2.1486217975616455	1675.260693505282
2.151806354522705	1667.0295975521485
2.1549863815307617	1666.8104859241646
2.1581614017486572	1673.3225593170912
2.16133189201355	1667.1606523361222
2.1644976139068604	1668.5827755774737
2.167658567428589	1674.6439131874004
2.1708147525787354	1682.903830361734
2.173966407775879	1681.7396974110077
2.1771130561828613	1679.0479490030564
2.1802549362182617	1687.902906183791
2.183391809463501	1694.5562677319826
2.1865241527557373	1692.1267357619297
2.1896514892578125	1688.4082171687883
2.1927738189697266	1685.3969230726073
2.1958916187286377	1679.9100502584877
2.1990041732788086	1684.7372017136504
2.2021119594573975	1686.255701666261
2.2052149772644043	1684.8836966898177
2.208312749862671	1689.3789023689358
2.2114057540893555	1692.766174878541
2.214493751525879	1688.8363160773145
2.217576742172241	1686.8923904649628
2.2206547260284424	1689.4852104300767
2.2237277030944824	1688.9578478898811
2.2267956733703613	1680.7867808904896
2.2298583984375	1682.1757254226666
2.2329163551330566	1691.4974488178507
2.235969066619873	1692.7712628985682
2.2390167713165283	1687.749108661488
2.2420592308044434	1685.505413400648
2.2450966835021973	1682.3240173587265
2.248128890991211	1682.871850888599
2.2511560916900635	1690.0783257016112
2.254178285598755	1694.3337368795724
2.257194995880127	1696.0603055530494
2.260206699371338	1699.2906040836226
2.2632133960723877	1694.1762903467488
2.266214609146118	1693.9257033500166
2.2692108154296875	1697.688051278367
2.2722020149230957	1690.616252155685
2.2751877307891846	1686.6350457083759
2.278168201446533	1690.6265773082416
2.2811436653137207	1690.7048636590123
2.284113883972168	1676.4504777790985
2.287078857421875	1679.8037081166171
2.290038824081421	1676.5743500414358
2.2929933071136475	1668.8764871308613
2.295942783355713	1671.7196727937915
2.298887014389038	1668.3382536102747
2.301826238632202	1670.3682231688686
2.304760217666626	1685.0210872066834
2.3076889514923096	1688.4497456152326
2.310612440109253	1668.8065213186433
2.3135311603546143	1654.023875897962
2.3164443969726562	1667.824953465982
2.319352865219116	1669.123836048333
2.322256088256836	1644.0537509208086
2.3251543045043945	1625.0895708107305
2.328047275543213	1616.4784717828375
2.330935478210449	1631.4545892717204
2.3338186740875244	1648.9016913603214
2.3366971015930176	1652.670027634692
2.3395702838897705	1648.1518750550808
2.3424389362335205	1655.9501488789886
2.3453025817871094	1660.3111479492616
2.348161458969116	1654.7734119619163
2.351015567779541	1638.1482640348981
2.353865146636963	1629.8064910621856
2.3567099571228027	1641.0560695303072
2.3595502376556396	1653.332140321912
2.3623859882354736	1660.8182129031036
2.3652172088623047	1645.5688918425778
2.368043899536133	1616.5948165404736
2.370866537094116	1642.299170825456
2.3736846446990967	1667.4919619548305
2.3764986991882324	1646.7207255478638
2.3793084621429443	1623.1194334530664
2.3821144104003906	1640.6860221295888
2.384916305541992	1654.7531345073453
2.387714147567749	1657.8730067351714
2.3905084133148193	1648.1755728185183
2.393299102783203	1634.369185342386
2.3960859775543213	1646.9071882736018
2.398869514465332	1651.7137874948787
2.4016497135162354	1648.3946062308185
2.4044265747070312	1644.6733729823345
2.407200336456299	1604.7071292693747
2.409970998764038	1559.004942700277
2.4127390384674072	1582.3933647120916
2.415503978729248	1622.8927539585022
2.418266534805298	1639.4655177899724
2.4210267066955566	1621.4924287755664
2.4237842559814453	1589.9407370700803
2.426539897918701	1585.9387403144513
2.429293394088745	1588.2874608636494
2.4320452213287354	1598.0510600658054
2.4347951412200928	1614.5002334634119
2.4375438690185547	1612.731370560967
2.440291166305542	1579.8839313405922
2.443037271499634	1570.1384448773226
2.445782423019409	1592.568381391891
2.4485268592834473	1613.9247711832852
2.451270818710327	1609.7428651454602
2.454014539718628	1586.963571613514
2.4567582607269287	1582.3712381529906
2.4595019817352295	1578.1051842779987
2.4622461795806885	1595.8410998475042
2.4649908542633057	1622.6567586335493
2.4677364826202393	1611.5779996092888
2.4704833030700684	1589.5253427039188
2.473231554031372	1593.478486840074
2.4759814739227295	1603.7842468326728
2.4787333011627197	1582.4212753101765
2.481487512588501	1556.6372115189447
2.4842441082000732	1579.4739334214291
2.4870035648345947	1587.502668086583
2.4897661209106445	1574.3191185168898
2.492532253265381	1579.121068727117
2.495302200317383	1580.7409050367755
2.4980762004852295	1562.4772683955666
2.500854969024658	1544.314307045808
2.50363826751709	1563.2437911514244
2.506427049636841	1563.4384932551363
2.509221315383911	1555.1140789699512
2.512021541595459	1559.737284366878
2.5148282051086426	1525.2044541189407
2.517641544342041	1486.7113908563206
2.5204622745513916	1508.2643708204778
2.5232906341552734	1527.006796077189
2.5261268615722656	1506.5373455363513
2.5289716720581055	1500.6277689341196
2.531825542449951	1523.0238536189984
2.534688949584961	1485.4923343980233
2.537562131881714	1414.4852175527294
2.540445566177368	1441.431407869266
2.5433402061462402	1507.3716096406695
2.546246290206909	1544.5348212298936
2.549164056777954	1556.236500565808
2.5520944595336914	1574.0351538481361
2.5550382137298584	1565.7883697922339
