#wavelength (micron)	Absolute Flux Density (erg / (cm2 micron s))	Uncertainty (erg / (cm2 micron s))
0.7015860080718994	7.503803893353644e-13	5.3234092887944826e-14
0.7037720084190369	4.457332127092567e-13	3.0401370440177877e-13
0.7059670090675354	6.334879452604691e-13	1.391211635910078e-13
0.7081689834594727	8.403069364469606e-13	8.725917259805663e-14
0.7103800177574158	8.326281829805493e-13	1.4620651965589065e-13
0.7125999927520752	7.080989982734265e-13	1.209033958018968e-13
0.7148290276527405	5.33872750695108e-13	3.1643749578112723e-13
0.7170689702033997	8.425073789661286e-13	4.491204500314816e-13
0.7193189859390259	7.619409660500343e-13	3.4088129454573624e-13
0.7215800285339355	6.31149592224961e-13	2.6625162036046646e-13
0.7238519787788391	7.429548512863371e-13	1.6369990486850977e-13
0.7261369824409485	9.946261479362728e-13	1.1726687329516317e-13
0.7284340262413025	6.731885014710226e-13	1.0991173384844802e-13
0.7307429909706116	7.421425128086023e-13	6.668695137117611e-14
0.7330660223960876	7.665677988211161e-13	4.3324003916713275e-14
0.73540198802948	9.488050536216042e-13	1.0614325038479575e-13
0.7377529740333557	5.329959021881103e-13	7.250547818388187e-14
0.7401170134544373	7.966892119973257e-13	2.004678297277615e-14
0.7424960136413574	4.056767942406392e-13	2.50288098623333e-13
0.7448899745941162	5.23577112655077e-13	1.1333709951176062e-14
0.7472990155220032	7.690204267656042e-13	7.456166760400063e-14
0.7497239708900452	5.002584718000191e-13	6.08112464463989e-14
0.7521640062332153	4.5339434789036515e-13	5.482321140028862e-14
0.7546210289001465	3.66180501719382e-13	8.021655442756043e-14
0.7570940256118774	3.5264624336991957e-13	6.26199192868028e-14
0.7595840096473694	3.767098124326379e-13	2.5644767817005303e-14
0.7620900273323059	1.0726842184687405e-13	6.671627903994184e-14
0.7646139860153198	2.2232112730099195e-14	5.977620606617204e-14
0.7671549916267395	0.0	1.155287752399245e-13
0.7697129845619202	2.5430878106483257e-13	2.854919127709757e-14
0.772288978099823	1.3843785872432596e-13	4.5248910006271195e-14
0.7748839855194092	2.9862440645289645e-13	5.647469864260464e-14
0.7774959802627563	3.6205131774547095e-13	4.050560342867826e-14
0.7801259756088257	3.8417638753389383e-13	9.356501440597673e-14
0.7827749848365784	6.541241615205806e-13	4.511762328757857e-14
0.7854430079460144	5.970992472160985e-13	8.245682104777649e-14
0.7881289720535278	7.646008934499016e-13	3.110794906174483e-14
0.7908340096473694	7.610660691069471e-13	4.201172965285008e-14
0.7935580015182495	1.0138546903057377e-12	5.5122247911987277e-14
0.796301007270813	1.2088775076454783e-12	1.481362030112711e-14
0.7990630269050598	1.1462649406046577e-12	4.6669109820141746e-14
0.8018440008163452	1.2788609147357244e-12	2.537379011871739e-14
0.8046450018882751	1.5392335843411598e-12	3.945287361238094e-14
0.8074650168418884	1.6353372649102749e-12	2.1137149851051772e-14
0.8103049993515015	1.8112976396533753e-12	6.432898782887317e-14
0.8131639957427979	1.8194701387891365e-12	4.40379137778453e-14
0.8160430192947388	1.7156827174236167e-12	7.58259489810724e-14
0.8189409971237183	1.910412366495917e-12	3.828732917190471e-14
0.8218590021133423	2.0847596652467937e-12	1.4280753568075323e-14
0.8247969746589661	2.3343694598859654e-12	6.747789718479502e-14
0.827754020690918	2.333606832077839e-12	5.150029776007821e-14
0.8307309746742249	2.5086092057813314e-12	6.025511171828604e-14
0.833728015422821	2.5324813860555517e-12	5.3405850840857264e-14
0.836745023727417	2.7552276866266157e-12	6.336159488794582e-14
0.8397809863090515	2.8123855241174445e-12	5.013024907294869e-14
0.8428369760513306	2.6944139194101657e-12	2.5087755562759086e-14
0.8459129929542542	2.68823548491004e-12	1.8538019088006584e-14
0.8490080237388611	2.6845014926279998e-12	5.267405164387923e-14
0.8521230220794678	2.693377638973704e-12	3.73312763080752e-14
0.855256974697113	2.8116033806702134e-12	4.791089739026623e-14
0.8584110140800476	2.51095541928259e-12	3.387815337508107e-14
0.8615840077400208	2.315023390001003e-12	5.6834833334854645e-14
0.8647770285606384	2.112219253669334e-12	3.674200565106575e-14
0.8679890036582947	1.9048792491288546e-12	5.3263224045066795e-14
0.8712199926376343	1.8981732418515973e-12	5.259633806503454e-14
0.8744710087776184	1.88050876953616e-12	7.02843680608009e-14
0.8777400255203247	2.0961093104288064e-12	4.7333651212976e-14
0.8810290098190308	2.350547924703794e-12	1.6142122022193804e-14
0.884335994720459	2.4773176132003583e-12	8.442562377279292e-14
0.8876630067825317	2.701618442846332e-12	2.179289565376174e-14
0.8910080194473267	2.724512889601405e-12	3.363483807878459e-14
0.8943719863891602	2.9369558000869045e-12	4.6326376572760133e-14
0.8977540135383606	3.182205584109643e-12	5.3191178810705134e-14
0.9011539816856384	3.2952308416656084e-12	1.9395043635906696e-14
0.9045730233192444	3.3833671541499966e-12	8.673441874657364e-14
0.9080100059509277	3.4906838704273913e-12	5.103224090595264e-14
0.9114649891853333	3.899234234105986e-12	9.887803873202469e-14
0.9149379730224609	4.149723967228347e-12	3.556815689957464e-14
0.9184280037879944	4.532203605467355e-12	5.993290716141408e-14
0.9219369888305664	4.542722101263941e-12	4.46534831138011e-14
0.925462007522583	4.4422872498561805e-12	2.1416049001462406e-14
0.9290050268173218	4.3447563255472055e-12	2.0551104695505466e-14
0.9325659871101379	4.4914293638453895e-12	5.726564106809176e-14
0.9361429810523987	4.76431481072348e-12	8.419208662483954e-14
0.9397370219230652	5.049165079096252e-12	2.1741379109909732e-14
0.9433479905128479	5.299840427630542e-12	5.384193728342167e-14
0.9469749927520752	5.5921985792073414e-12	8.758811953718873e-14
0.9506189823150635	5.770006868133226e-12	9.649856055286149e-14
0.9542790055274963	5.8148568425619995e-12	5.258314129171632e-14
0.957955002784729	5.734951576130687e-12	5.6783703038026587e-14
0.9616460204124451	5.856012289667811e-12	5.636003409846893e-14
0.9653540253639221	5.917275783945408e-12	5.3969608865495414e-14
0.9690769910812378	6.440768057780488e-12	4.685670051290426e-14
0.9728149771690369	6.566970491700408e-12	5.2660851482429216e-14
0.9765689969062805	6.954113066642842e-12	7.476696128536076e-14
0.9803370237350464	7.086249555893209e-12	8.381318507061017e-14
0.9841200113296509	6.846073187516399e-12	7.808185521762656e-14
0.9879180192947388	6.071612830560458e-12	1.3140530330524314e-13
0.9917309880256653	5.345902973769023e-12	3.5851353895159643e-14
0.9955570101737976	4.747569091329007e-12	2.311797705578742e-14
0.9993979930877686	4.865619192273574e-12	6.272178008090781e-14
1.003250002861023	5.115942391942241e-12	2.6616167223773163e-14
1.0071200132369995	5.445271403919927e-12	4.403977047406568e-14
1.0110000371932983	5.701284496589798e-12	5.324015425571538e-14
1.0148999691009521	6.0762662262847655e-12	4.105225477591366e-14
1.0188000202178955	6.108378993591179e-12	1.9369139674313765e-14
1.0227199792861938	6.198578109128938e-12	4.8150990573231356e-14
1.0266599655151367	6.2741044998260165e-12	2.873522004110535e-14
1.0305999517440796	6.563500177386716e-12	1.0585096303162081e-13
1.034559965133667	6.978874943219804e-12	1.3113451026013773e-13
1.0385299921035767	7.419675117359414e-12	5.687353935241238e-14
1.0425100326538086	7.707273187718133e-12	5.915125160516066e-14
1.0464999675750732	7.868736044691627e-12	5.900833343003634e-14
1.050510048866272	7.992250090904651e-12	3.0843129292983454e-14
1.0545300245285034	7.951975015962898e-12	5.247375206877611e-14
1.0585500001907349	7.986580147223421e-12	6.810392907171531e-14
1.0625900030136108	8.278939166161958e-12	4.722221217030344e-14
1.066640019416809	8.498811029933329e-12	9.894451387772521e-14
1.0707000494003296	8.926922569207907e-12	6.551114766764274e-14
1.0747599601745605	9.222858587953908e-12	8.155766508107995e-14
1.0788400173187256	9.483290021317092e-12	7.86752322903643e-14
1.0829299688339233	9.747085083500195e-12	6.778866340874726e-14
1.087030053138733	1.0168166655888378e-11	1.5415796352120925e-13
1.0911400318145752	1.0194855376566281e-11	5.4193371253237477e-14
1.0952500104904175	1.009797800932688e-11	9.605631448670465e-14
1.0993800163269043	9.963564695514293e-12	5.973192318368958e-14
1.1035100221633911	9.868644096355794e-12	1.1613584714135344e-13
1.1076500415802002	9.655760566107396e-12	5.1308109372478e-14
1.111799955368042	9.541367695931058e-12	6.611459426805744e-14
1.1159600019454956	9.689936353307615e-12	6.144089008180628e-14
1.120129942893982	9.797771101383024e-12	6.500438479595944e-14
1.1243000030517578	9.928763540500984e-12	8.511030422098109e-14
1.1284799575805664	9.977250796378012e-12	6.566804527452855e-14
1.1326700448989868	9.41813554228288e-12	7.916058894540459e-14
1.13687002658844	9.243006533765641e-12	8.960795430321133e-14
1.141070008277893	9.324827368595301e-12	6.838927075472276e-14
1.1452800035476685	9.875193544839345e-12	8.624065274843301e-14
1.1494899988174438	1.0413436606071524e-11	1.237080099816823e-13
1.1537100076675415	1.07866684334601e-11	9.390089346274916e-14
1.1579400300979614	1.0769366301510708e-11	1.202679855661845e-13
1.1621700525283813	1.0331810060271174e-11	8.401378280131072e-14
1.166409969329834	1.0121929336359692e-11	3.893730837430977e-14
1.1706600189208984	9.689799310153013e-12	4.615061384807308e-14
1.1749099493026733	9.61955255035507e-12	8.507638224550945e-14
1.1791599988937378	9.945479335915497e-12	8.690999173588052e-14
1.183419942855835	1.0334645465792658e-11	7.942522236691757e-14
1.1876800060272217	1.0637883803010784e-11	3.605096906764138e-14
1.1919499635696411	1.0286940570203296e-11	4.5104426514260346e-14
1.19622004032135	9.953495493097986e-12	4.1869495880347135e-14
1.2005000114440918	9.85574035577974e-12	6.068543156054554e-14
1.2047799825668335	1.0118995918961815e-11	7.376095719456577e-14
1.2090599536895752	1.0556941605621706e-11	7.340542019715346e-14
1.2133500576019287	1.1175931707851916e-11	1.1203108482137764e-13
1.2176400423049927	1.1559525038562501e-11	1.027452591322725e-13
1.2219300270080566	1.210402524737253e-11	1.4903360392570092e-13
1.2262300252914429	1.240687327180856e-11	7.934721402060724e-14
1.230530023574829	1.2403060349608364e-11	6.589112664778102e-14
1.2348300218582153	1.204038691665632e-11	6.186749653162502e-14
1.2391300201416016	1.1511723865820223e-11	4.170721792018037e-14
1.24344003200531	1.1407320400780296e-11	3.235707193719253e-14
1.2477500438690186	1.1362645199741728e-11	9.361945490756265e-14
1.252060055732727	1.2078315778096815e-11	4.048595565243375e-14
1.256369948387146	1.2656540746003309e-11	1.1499308449902657e-13
1.2606799602508545	1.3467425959146073e-11	6.158126715808884e-14
1.264989972114563	1.3891197220283757e-11	4.566476591392338e-14
1.2693099975585938	1.4136564314981559e-11	7.034722468175075e-14
1.2736300230026245	1.4455932111079317e-11	1.4716452069549885e-13
1.277940034866333	1.4320247244958839e-11	7.975709665191538e-14
1.2822599411010742	1.4099808126610824e-11	6.478472543581387e-14
1.286579966545105	1.4104988878271829e-11	8.185894453602294e-14
1.2908999919891357	1.402130928723766e-11	6.677542226845093e-14
1.2952100038528442	1.4050441365931476e-11	6.357607040645419e-14
1.299530029296875	1.4036462096800317e-11	8.457949238985935e-14
1.3038500547409058	1.388503895194404e-11	5.146813422500507e-14
1.308169960975647	1.3878781804366191e-11	8.431857913705071e-14
1.3124799728393555	1.401925710936558e-11	6.019430830520034e-14
1.3167999982833862	1.4123856598158291e-11	9.837361367127581e-14
1.321120023727417	1.3870863659060095e-11	7.923420627291636e-14
1.3254300355911255	1.3093998108004712e-11	1.3477396011273707e-13
1.329740047454834	1.1307609362742888e-11	2.2752370191884974e-13
1.3340599536895752	9.450806456867689e-12	1.8887299222444115e-13
1.3383699655532837	7.859341649707474e-12	1.0844637362596166e-13
1.3426799774169922	7.023675911710381e-12	1.5445319177277705e-13
1.3469799757003784	6.736244808486225e-12	2.274660223632735e-13
1.351289987564087	6.481385740608747e-12	3.1084976172962575e-13
1.3555899858474731	6.185859550283945e-12	3.9069569519704916e-13
1.3598999977111816	5.952565697298073e-12	4.0772967684413186e-13
1.3641999959945679	5.965958196213483e-12	3.365321801611365e-13
1.3684899806976318	5.848768518113001e-12	1.4108409807176564e-13
1.372789978981018	5.962409819343373e-12	9.029380704499851e-14
1.377079963684082	6.1257891120769514e-12	7.662578525250568e-14
1.381369948387146	6.28444692118979e-12	9.063419909331391e-14
1.3856600522994995	6.446995281378376e-12	1.0030039000958127e-13
1.3899400234222412	6.245178419544972e-12	6.857462189237273e-14
1.394219994544983	6.207151546228085e-12	1.4802377802224792e-13
1.3984999656677246	5.97153056169919e-12	1.0318808795709705e-13
1.4027800559997559	5.8913802655768954e-12	9.743174013898334e-14
1.4070500135421753	5.7875635707527184e-12	8.752086512117674e-14
1.4113199710845947	5.68206592888032e-12	7.113220738342099e-14
1.4155800342559814	5.512479361868827e-12	3.9030570089934255e-14
1.4198399782180786	5.561209912713361e-12	6.866523408893821e-14
1.4241000413894653	5.420783613652169e-12	2.898528110779376e-14
1.4283499717712402	5.4795452029965386e-12	4.549242181421144e-14
1.4326000213623047	5.598523814681622e-12	2.132943480040797e-14
1.4368400573730469	5.680726288675997e-12	2.6448224307255158e-14
1.4410799741744995	5.715722600080353e-12	1.6050523879277724e-14
1.4453200101852417	5.83094813752516e-12	4.046083265521819e-14
1.4495500326156616	6.094116097171698e-12	4.2914307632653526e-14
1.4537800550460815	6.371869611804248e-12	2.63924048360311e-14
1.4579999446868896	6.562151429884144e-12	3.092426488493505e-14
1.4622199535369873	6.51013574645698e-12	5.769635393363878e-14
1.466439962387085	6.554594974422789e-12	1.082635771396806e-13
1.470639944076538	6.631460137962453e-12	3.653975112392037e-14
1.474850058555603	6.7253446735249245e-12	2.5052075146888945e-14
1.4790500402450562	6.8811384541789256e-12	2.289196494853745e-14
1.483240008354187	7.017331594277865e-12	2.3029702670156367e-14
1.4874299764633179	7.0597477516698426e-12	3.379721090664145e-14
1.4916199445724487	7.35803085127884e-12	2.461618013377062e-14
1.4957900047302246	7.488837674984872e-12	4.4864045340093153e-14
1.4999699592590332	7.644660078576226e-12	2.6494755215179626e-14
1.504140019416809	7.902041000706905e-12	3.324576874105638e-14
1.5082999467849731	8.128717317312795e-12	6.909223356204447e-14
1.5124599933624268	8.283298526257088e-12	3.478718235781081e-14
1.516610026359558	8.605716833587351e-12	5.224862087579128e-14
1.5207500457763672	8.78127692088837e-12	3.699118580348902e-14
1.524899959564209	8.982564692061601e-12	5.851251422403156e-14
1.5290299654006958	9.09492620104757e-12	2.210727870839875e-14
1.5331599712371826	9.390549102206158e-12	2.3814681983694817e-14
1.5372799634933472	9.6184275821809e-12	2.3509878871691252e-14
1.5413999557495117	9.90246773469039e-12	4.9717818566535205e-14
1.5455100536346436	1.0102280123547303e-11	4.934536801523212e-14
1.5496200323104858	1.0399066156796533e-11	2.7641919040700437e-14
1.5537199974060059	1.0622145524274984e-11	1.5073163054627088e-14
1.5578099489212036	1.0777479603207851e-11	4.9687027224836616e-14
1.561900019645691	1.0812475914612207e-11	4.193039416112293e-14
1.5659799575805664	1.0985797341267478e-11	3.348839963473148e-14
1.5700600147247314	1.1226471141601024e-11	5.4457801386843113e-14
1.5741300582885742	1.1479659237090267e-11	3.301330563088012e-14
1.5781899690628052	1.146362692272529e-11	2.2552557152506758e-14
1.5822399854660034	1.1302720911987585e-11	4.630897512789174e-14
1.586300015449524	1.122549449228405e-11	5.3548772404113376e-14
1.5903400182724	1.1214741808818207e-11	2.5736855544964896e-14
1.5943800210952759	1.1434104531249378e-11	5.124808861783556e-14
1.5984100103378296	1.1780941673589229e-11	4.9933076743486834e-14
1.602429986000061	1.1802545919759044e-11	2.417168604217177e-14
1.6064499616622925	1.1800200573619524e-11	4.061313934352988e-14
1.6104700565338135	1.1604981732526998e-11	3.923263149356766e-14
1.6144700050354004	1.1600485329277266e-11	2.6284970565133153e-14
1.6184699535369873	1.1823564696755717e-11	4.278311916978278e-14
1.6224600076675415	1.1875961151985859e-11	5.2500826629902145e-14
1.6264499425888062	1.1778108002791221e-11	4.400575024277216e-14
1.630429983139038	1.1817600717445309e-11	5.333487964427272e-14
1.6344000101089478	1.1877427860684797e-11	3.5589759627861414e-14
1.6383700370788574	1.2090438025746941e-11	6.337957909148192e-14
1.6423300504684448	1.2266593990561958e-11	5.039389993624285e-14
1.6462899446487427	1.2468165389023511e-11	2.1633163874634417e-14
1.650230050086975	1.2643931041056433e-11	1.5585011512125706e-14
1.654170036315918	1.275752246898687e-11	2.9000432833154247e-14
1.6581100225448608	1.2707179058990548e-11	2.4126718757067935e-14
1.6620399951934814	1.2725459574980391e-11	2.6448613942410895e-14
1.6659599542617798	1.272721945194677e-11	5.969135369364789e-14
1.6698700189590454	1.2660646836470946e-11	2.378604041161636e-14
1.6737799644470215	1.269143991289301e-11	3.2670575771630295e-14
1.6776800155639648	1.2841496095650218e-11	6.252470600726784e-14
1.6815799474716187	1.2981481341267642e-11	2.344848931180605e-14
1.6854699850082397	1.2883139000052779e-11	2.584360202510967e-14
1.6893500089645386	1.2772088942014648e-11	2.6405798120993085e-14
1.6932200193405151	1.278078944760841e-11	4.490608189119949e-14
1.6970900297164917	1.257804364135362e-11	3.3199337783019686e-14
1.700950026512146	1.2649111792717438e-11	4.707176556634392e-14
1.7048100233078003	1.2525744330638133e-11	4.116975857448857e-14
1.7086600065231323	1.2282332269297758e-11	2.6308431683706203e-14
1.712499976158142	1.2038040703155062e-11	4.254332414241509e-14
1.7163399457931519	1.163753468591544e-11	4.578500393485202e-14
1.720170021057129	1.1291185868234077e-11	6.412320625653542e-14
1.7239899635314941	1.1068205379993756e-11	3.1437190768342574e-14
1.727810025215149	1.0740625402960724e-11	5.386276074139697e-14
1.731619954109192	1.0565642111215467e-11	4.9601781829024943e-14
1.7354199886322021	1.021352620533822e-11	2.674891930946454e-14
1.7392200231552124	1.0023195815000996e-11	1.8257461447085226e-14
1.7430100440979004	9.804515706257622e-12	3.17544079952211e-14
1.7467900514602661	9.583930003775887e-12	2.7598808451816982e-14
1.7505700588226318	9.272920105385385e-12	3.21649818054142e-14
1.7543400526046753	8.92880994834977e-12	7.294811727332623e-14
1.7581100463867188	8.720120979466284e-12	3.3108227531081225e-14
1.76187002658844	8.583340635470726e-12	5.413012499713189e-14
1.7656199932098389	8.332704318214645e-12	3.891013555736185e-14
1.7693699598312378	7.976677478260807e-12	3.5227575115879053e-14
1.773110032081604	7.684231723148471e-12	5.62970792216972e-14
1.7768399715423584	7.51874083826376e-12	8.505673785739673e-14
1.7805700302124023	7.347737002172394e-12	2.6721351775163202e-14
1.7842899560928345	7.1789805003441565e-12	2.803792896639845e-14
1.7880100011825562	6.953927451230912e-12	7.806641211293222e-14
1.7917200326919556	6.81540717958895e-12	1.0258590851797145e-13
1.7954200506210327	6.883670283092114e-12	9.345826114956837e-14
1.7991199493408203	6.662057624312601e-12	2.0195077435423286e-13
1.8028099536895752	6.574204288595231e-12	1.51624128834002e-13
1.80649995803833	6.431305141219035e-12	1.272428614296911e-13
1.8101799488067627	6.600608514623074e-12	1.0698004439778364e-13
1.8138500452041626	6.728434216035639e-12	1.9040093124107066e-13
1.817520022392273	6.675254966836963e-12	1.9282820240724974e-13
1.821179986000061	6.561447565833767e-12	1.3093607415751857e-13
1.8248300552368164	6.605848246882262e-12	2.4302776588033814e-13
1.8284800052642822	6.581546072026434e-12	3.415069605144233e-13
1.832129955291748	6.204374687623915e-12	4.2733069686995417e-13
1.8357700109481812	6.064955829221397e-12	4.683558770847418e-13
1.839400053024292	5.518021803374573e-12	1.2511472164290077e-13
1.843019962310791	5.432260544169232e-12	1.6523272279491547e-13
1.8466399908065796	5.37368543759853e-12	1.2416355107697924e-13
1.8502600193023682	5.362667775121732e-12	8.734168038338277e-14
1.8538700342178345	5.4641486647855064e-12	2.0269959213718713e-13
1.8574700355529785	5.172914180340271e-12	1.2634839463739056e-13
1.8610700368881226	4.765116252969381e-12	7.352878207559158e-14
1.8646600246429443	4.9021993062114966e-12	2.0028012722664995e-13
1.8682500123977661	4.928182428115546e-12	4.5123784266423717e-13
1.8718299865722656	4.6656302953029805e-12	2.44052255618174e-13
1.8754099607467651	4.971419977073399e-12	3.8614811760477596e-13
1.878980040550232	5.175593027068048e-12	1.7006772238311457e-13
1.882539987564087	5.450990787220222e-12	8.022622415568628e-14
1.8861000537872314	5.639883959157599e-12	4.737451547048334e-14
1.8896600008010864	5.6667569942048246e-12	1.1731673304257034e-13
1.8932100534439087	5.714657046185234e-12	5.387429733013857e-14
1.8967499732971191	5.929339050997351e-12	2.757231834342455e-13
1.9002900123596191	5.9570430185895695e-12	4.261869448931449e-13
1.9038200378417969	6.119337241788925e-12	2.1692012335677857e-13
1.907349944114685	6.000749810247674e-12	1.5056544607015138e-13
1.9108699560165405	6.488785637276395e-12	1.163909870175936e-13
1.914389967918396	6.4808380016712075e-12	1.6989957617868923e-13
1.9178999662399292	6.5079066267903496e-12	1.3697249172557602e-13
1.9214099645614624	6.555171769978552e-12	6.931599933791832e-14
1.9249099493026733	6.346218255764979e-12	5.4103436683029804e-14
1.9284100532531738	6.2540541322098075e-12	1.8186195483035038e-14
1.9319000244140625	6.21767004202467e-12	9.782521065990549e-14
1.9353899955749512	5.854829208257195e-12	4.6576827274604285e-14
1.9388699531555176	5.8954863560445325e-12	4.0805615722332156e-14
1.9423400163650513	5.774356687249238e-12	7.883995648168274e-14
1.9458199739456177	5.792539625043558e-12	4.445073730754631e-14
1.949280023574829	5.839775277932668e-12	4.2097852574795105e-14
1.952739953994751	5.733573338329023e-12	5.0006883806378785e-14
1.9562000036239624	5.708176552959854e-12	3.680329695512907e-14
1.9596500396728516	5.605786668194668e-12	8.82328200302665e-14
1.9630999565124512	5.537641092207002e-12	6.448891442557836e-14
1.966539978981018	5.7478358010676356e-12	6.867853589434189e-14
1.969980001449585	5.78532491010697e-12	3.884482931712854e-14
1.9734100103378296	5.713269267404453e-12	4.0491041238249065e-14
1.9768400192260742	5.620948585055574e-12	3.423476779840229e-14
1.9802600145339966	5.60903233581822e-12	2.6445679820281606e-14
1.983680009841919	5.631926782573293e-12	2.1655549261364454e-14
1.9871000051498413	5.5716212893353045e-12	2.1882831918035306e-14
1.9904999732971191	5.657069864634101e-12	2.4593599929462716e-14
1.9939099550247192	5.711353265325236e-12	7.198580653008241e-14
1.9973100423812866	5.873451898452675e-12	1.5864202041870196e-13
2.000699996948242	5.912964996107606e-12	2.3400002096586603e-13
2.0040900707244873	5.852004211076567e-12	2.9755498331127464e-14
2.0074799060821533	5.793653751196004e-12	7.480371573900801e-14
2.010859966278076	5.8204001514294834e-12	2.087545732793166e-14
2.0142300128936768	5.787279943464396e-12	7.700742441722058e-14
2.0176100730895996	6.028512324757207e-12	1.1892579748675608e-13
2.020970106124878	6.126864640632057e-12	1.149373565073608e-13
2.024329900741577	6.251542252616593e-12	7.729765856253137e-14
2.0276899337768555	6.211833998570615e-12	1.586596217633459e-14
2.031049966812134	6.289246467366949e-12	2.1865626984810677e-14
2.0343899726867676	6.332952825344185e-12	2.564721235409108e-14
2.0377399921417236	6.444902771185479e-12	3.994947208869719e-14
2.0410799980163574	6.407227613053346e-12	2.3790536462500386e-14
2.044409990310669	6.514974323912348e-12	5.453531845404404e-14
2.0477399826049805	6.5741071440805765e-12	9.438371579521126e-14
2.051069974899292	6.667102200180741e-12	6.742315852761166e-14
2.0543899536132812	6.7875666025229986e-12	4.4356987700944206e-14
2.0577099323272705	6.9715721910668105e-12	5.461235440653092e-14
2.0610198974609375	6.937944576485e-12	4.7672179788807445e-14
2.0643301010131836	7.008211285602917e-12	2.513565696999221e-14
2.0676300525665283	7.063462661993647e-12	3.534497727050029e-14
2.070930004119873	7.22690050164454e-12	4.577210192899944e-14
2.0742199420928955	7.168295904774746e-12	3.5141550449755907e-14
2.077510118484497	7.2682120738631895e-12	4.6598819638046796e-14
2.0808000564575195	7.336992992323932e-12	4.072878305775261e-14
2.0840799808502197	7.439352953109157e-12	3.7579480678543234e-14
2.0873498916625977	7.471681259807461e-12	3.0773723413285436e-14
2.090630054473877	7.602703189224513e-12	6.064534996148147e-14
2.0938899517059326	7.593612370848657e-12	3.5782435906439244e-14
2.0971601009368896	7.70725323839816e-12	4.6054712777784945e-14
2.100409984588623	7.7574509316225e-12	3.5875304598776206e-14
2.1036698818206787	7.728847076227119e-12	4.5443934260178814e-14
2.106920003890991	7.867415920126408e-12	2.4163278393137325e-14
2.1101601123809814	7.94706748324936e-12	3.231767812888163e-14
2.1133999824523926	8.026494399682171e-12	2.312384191191421e-14
2.116640090942383	8.009259921948342e-12	3.958152097640992e-14
2.1198699474334717	8.035556595120674e-12	2.9750219621800175e-14
2.1230900287628174	8.212875692026333e-12	4.7017511412006385e-14
2.126310110092163	8.211067242802628e-12	3.309023993941333e-14
2.1295299530029297	8.216531621751955e-12	4.376185218780797e-14
2.132740020751953	8.29229220011829e-12	3.3052797695012903e-14
2.1359500885009766	8.336634334249471e-12	3.2999326199118634e-14
2.1391499042510986	8.324238867651879e-12	4.4294520715150096e-14
2.1423499584198	8.378884391868624e-12	4.3472004289521124e-14
2.145550012588501	8.372852758342653e-12	3.826621772272734e-14
2.1487300395965576	8.418465577419987e-12	4.9616838686695336e-14
2.1519200801849365	8.323036704283027e-12	5.563273095237492e-14
2.155100107192993	8.352274601108878e-12	4.9525142287957374e-14
2.1582698822021484	8.271157196648726e-12	6.591976313766179e-14
2.161439895629883	8.272008078513693e-12	5.849755901031484e-14
2.164609909057617	8.360779950311592e-12	5.831573152972544e-14
2.1677699089050293	8.544854060432705e-12	4.381493066041471e-14
2.1709299087524414	8.336927502516911e-12	4.947381886761734e-14
2.1740798950195312	8.34988935632941e-12	5.5128112768114065e-14
2.177220106124878	8.356830852318531e-12	4.852402388320215e-14
2.1803700923919678	8.349958745268449e-12	4.114854209322574e-14
2.183500051498413	8.279045851655731e-12	3.677758781111401e-14
2.1866300106048584	8.29932043228121e-12	7.71676491695232e-14
2.1897599697113037	8.332860443327483e-12	3.0628457262831324e-14
2.1928799152374268	8.325822670185445e-12	4.362460235716667e-14
2.196000099182129	8.303182794100472e-12	4.850183161998409e-14
2.1991100311279297	8.36024218603404e-12	4.464136037826e-14
2.2022199630737305	8.26031604228561e-12	5.484227641786542e-14
2.205319881439209	8.164173330438285e-12	5.608504315807693e-14
2.2084200382232666	8.247627407420577e-12	4.338021302309307e-14
2.211509943008423	8.242094506893949e-12	7.713264976814266e-14
2.214600086212158	8.230412879006721e-12	3.5885862017430784e-14
2.2176899909973145	8.14922608560753e-12	4.186079515791294e-14
2.2207601070404053	8.044695985753858e-12	3.230633805178379e-14
2.2238399982452393	8.1228426762614e-12	5.43339448411638e-14
2.226900100708008	8.047756037965481e-12	3.7393939805513074e-14
2.2299699783325195	8.112138565052884e-12	5.273426552203364e-14
2.233020067214966	8.08599801699339e-12	2.734835774997283e-14
2.2360799312591553	8.05416844329443e-12	5.312842044557717e-14
2.2391200065612793	7.932032634883068e-12	5.237667531675719e-14
2.2421700954437256	7.990882261443844e-12	4.328382744995911e-14
2.2451999187469482	7.962424990182182e-12	5.353772370634939e-14
2.2482399940490723	7.951916035364714e-12	5.784465246204407e-14
2.2512600421905518	7.922031954044062e-12	3.657591943076813e-14
2.2542800903320312	7.839692436895085e-12	4.553328268358699e-14
2.2572999000549316	7.856292005836707e-12	4.84525614075082e-14
2.260309934616089	7.856711808917893e-12	4.9823101373747125e-14
2.263319969177246	7.741507088154798e-12	4.6091077596276467e-14
2.266319990158081	7.7001556172962e-12	4.1274844870056726e-14
2.269320011138916	7.654777853249861e-12	6.107215292294396e-14
2.2723100185394287	7.63140418913455e-12	4.85758351945198e-14
2.275290012359619	7.670614143862053e-12	4.59032870037384e-14
2.2782700061798096	7.624767137115462e-12	4.515125388371635e-14
2.28125	7.518681857665577e-12	4.4368327778042047e-14
2.284219980239868	7.567911575190323e-12	5.59334276486502e-14
2.287179946899414	7.578323385493135e-12	5.754082513199574e-14
2.29013991355896	7.445209379564055e-12	8.30051359677203e-14
2.293100118637085	6.994095406998024e-12	8.709171757251624e-14
2.2960500717163086	6.466037774655042e-12	6.125300462157812e-14
2.29899001121521	6.096804051197724e-12	4.0928791253521876e-14
2.3019299507141113	6.2156169967908514e-12	4.976464593599121e-14
2.3048601150512695	6.284691083519034e-12	5.426571125506478e-14
2.3077900409698486	6.381322553705715e-12	4.4131565128625524e-14
2.3107199668884277	6.329482944711362e-12	5.838748538475325e-14
2.3136301040649414	6.290214443066544e-12	5.144858470458244e-14
2.3165500164031982	6.311789198937268e-12	6.548680732887044e-14
2.319459915161133	6.332826190530438e-12	9.072080651810477e-14
2.322360038757324	6.027026100419164e-12	3.359211712505687e-14
2.3252599239349365	5.941294765193783e-12	4.250529913934695e-14
2.3281500339508057	5.715214759782761e-12	3.411990335449103e-14
2.3310399055480957	5.838465561708306e-12	4.318880729393612e-14
2.3339200019836426	5.934793455286691e-12	6.561349635272537e-14
2.3368000984191895	5.994825729577213e-12	4.493237718201405e-14
2.339669942855835	5.9307172887990145e-12	3.701073871204344e-14
2.3425400257110596	5.889190610869344e-12	4.28426520334476e-14
2.345400094985962	6.024338146393138e-12	6.904530793676658e-14
2.348259925842285	6.0607911918364454e-12	9.60147759909713e-14
2.3511199951171875	5.932389128548987e-12	4.547736495654105e-14
2.3539700508117676	5.8276534639634114e-12	6.387236930766732e-14
2.3568100929260254	5.669220301540712e-12	3.899918582517259e-14
2.359649896621704	5.603812119198137e-12	5.3200757059272685e-14
2.362489938735962	5.665407813021384e-12	3.076726902222736e-14
2.3653199672698975	5.621261268962119e-12	4.2669921686711715e-14
2.3681399822235107	5.595991552087565e-12	6.584205294694889e-14
2.3709700107574463	5.634693232836607e-12	7.373563429757465e-14
2.3737800121307373	5.7107474131512515e-12	6.824625771190834e-14
2.3766000270843506	5.657910338158212e-12	4.5658606290330944e-14
2.3794100284576416	5.578024153685135e-12	3.840834985127661e-14
2.3822100162506104	5.5735667817136125e-12	4.428768007706807e-14
2.3850200176239014	5.459759380710416e-12	6.342992672986672e-14
2.387809991836548	5.364760285314629e-12	3.66015337070931e-14
2.3906099796295166	5.452202491568192e-12	6.220133593306046e-14
2.393399953842163	5.482565790249083e-12	3.982131600377761e-14
2.3961799144744873	5.447960225307691e-12	4.329799661710078e-14
2.398969888687134	5.404918266421754e-12	5.36349901937485e-14
2.401750087738037	5.3650339379429646e-12	5.773819058496957e-14
2.404520034790039	5.301502292720528e-12	4.704624954584083e-14
2.4072999954223633	5.130234344979945e-12	2.684872689570541e-14
2.4100699424743652	5.036476877912088e-12	3.018874890738446e-14
2.412839889526367	4.9879896220350606e-12	8.133448206387381e-14
2.415600061416626	4.906158378864545e-12	5.674284555678283e-14
2.4183599948883057	4.83087615049671e-12	3.399155075792769e-14
2.4211199283599854	4.94616977583795e-12	3.1281268943412e-14
2.423880100250244	4.789242353392398e-12	3.154335448981964e-14
2.426640033721924	4.799536202498844e-12	4.35051436065495e-14
2.4293899536132812	4.738575417467805e-12	3.755416116968391e-14
2.4321401119232178	4.711946978430692e-12	1.2121621523371318e-13
2.434890031814575	4.5820786401251645e-12	7.748408712609026e-14
2.4376399517059326	4.557864068804873e-12	1.0690965257173501e-13
2.440390110015869	4.539036247558359e-12	3.810775141082322e-14
2.4431300163269043	4.425502932864367e-12	9.632788002585796e-14
2.4458799362182617	4.349448752549723e-12	1.0974945588828125e-13
2.448620080947876	4.24806630844321e-12	5.965645593622101e-14
2.4513700008392334	4.053766870792952e-12	9.0007679315416e-14
2.4541099071502686	4.157427440504291e-12	1.050855298503732e-13
2.456860065460205	4.268145298996773e-12	4.7845306546962646e-14
2.4595999717712402	4.263961145972717e-12	3.7447411301407343e-14
2.4623401165008545	4.139919310142126e-12	5.299762161786216e-14
2.465090036392212	4.113143853290424e-12	7.440809714253163e-14
2.467829942703247	3.94268688877486e-12	1.1529025076197769e-13
2.4705801010131836	3.931122354722261e-12	6.988553073912496e-14
2.473330020904541	3.760714396144893e-12	4.615549953411284e-14
2.4760799407958984	3.669166099423693e-12	2.8478318336334907e-14
2.478830099105835	3.768935684378416e-12	1.1173194666572531e-13
2.4815800189971924	3.769072727533018e-12	9.340967533971387e-14
2.484339952468872	3.7668045765881786e-12	3.019989586097033e-14
2.4870998859405518	3.6466138268742565e-12	6.247260331661633e-14
2.4898600578308105	3.4795003250182033e-12	7.152039241875227e-14
2.4926300048828125	3.451317573746615e-12	3.536013238399256e-14
2.4953999519348145	3.590981028159246e-12	5.525490343592267e-14
2.4981698989868164	3.631627984446162e-12	5.235849460157732e-14
2.5009500980377197	3.634795372672861e-12	3.835302165916196e-14
2.503740072250366	3.458610134399187e-12	6.351946827678687e-14
2.5065300464630127	3.5854969167303796e-12	8.19911155571125e-14
2.509320020675659	3.5543911564017705e-12	8.462455454265327e-14
2.512120008468628	3.4351584077274566e-12	1.1968534887121796e-13
2.514930009841919	3.025473534895573e-12	8.471370984254947e-14
2.51774001121521	3.1784123943889853e-12	1.3162916394880708e-13
2.5205600261688232	3.21811132429628e-12	1.485164801470068e-13
2.523390054702759	3.2270655331984033e-12	5.321640006374258e-14
2.5262300968170166	3.107588405354411e-12	1.2508147729378694e-13
2.5290699005126953	2.7982108817548035e-12	1.097611923767984e-13
2.5319299697875977	3.542709311674108e-12	1.8771753086416904e-13
2.5347900390625	2.762344172846376e-12	3.7826214599814834e-13
2.5376598834991455	3.2562357758086913e-12	3.313041843904657e-13
2.5405499935150146	3.033518965536719e-12	3.4246889178690676e-13
2.543440103530884	3.109797792541502e-12	2.5906753413525163e-13
2.5463500022888184	3.741407791219009e-12	6.170854842738049e-13
2.549269914627075	3.808741950300787e-12	6.623483770999694e-13
2.5522000789642334	4.020422449818595e-12	1.3786696393888742e-12
2.5551400184631348	2.451950101289846e-12	7.252434330168311e-13
2.5580999851226807	2.9141298749091327e-12	6.670474719458475e-13
