| JD - 2457565 (hr) |       Flux |     Flux Err | Airmass |
|        -4.5079613 | 0.99989995 | 0.0065212784 |   1.416 |
|        -4.4866787 | 0.99957895 | 0.0065389776 |   1.408 |
|        -4.4653956 |  1.0047137 | 0.0065180672 |   1.401 |
|        -4.4441073 |    1.00208 |  0.006601228 |   1.394 |
|        -4.4228128 | 0.99995991 | 0.0066278012 |   1.387 |
|        -4.4015156 | 0.99768971 |   0.00645619 |    1.38 |
|        -4.3802279 |  1.0063398 | 0.0064822328 |   1.373 |
|        -4.3589434 | 0.99810153 | 0.0065800996 |   1.366 |
|        -4.3376587 |  1.0050329 | 0.0065829996 |    1.36 |
|        -4.3163706 | 0.99712916 | 0.0066426324 |   1.353 |
|        -4.2950823 |  1.0072515 | 0.0067903128 |   1.347 |
|        -4.2737971 | 0.99747003 | 0.0068215324 |   1.341 |
|         -4.252515 | 0.99273954 | 0.0067273344 |   1.334 |
|        -4.2312308 | 0.99402361 | 0.0064786024 |   1.328 |
|        -4.2099406 | 0.99838017 | 0.0065572992 |   1.322 |
|        -4.1886509 |  1.0035102 | 0.0064860844 |   1.316 |
|        -4.1673621 |  1.0015792 | 0.0063568592 |    1.31 |
|        -4.1460789 |  1.0068508 | 0.0062881188 |   1.305 |
|        -4.1247933 | 0.99783836 | 0.0062775504 |   1.299 |
|        -4.1035074 |  1.0022989 | 0.0062463828 |   1.293 |
|        -4.0822223 |  1.0008314 | 0.0062853704 |   1.288 |
|        -4.0609334 |  1.0052893 | 0.0062121476 |   1.282 |
|        -4.0396478 |  1.0071088 | 0.0062885812 |   1.277 |
|          -4.01836 |  1.0004899 | 0.0062950016 |   1.272 |
|        -3.9970688 |   1.011852 | 0.0063230252 |   1.266 |
|        -3.9757763 |  1.0067981 |  0.006330342 |   1.261 |
|        -3.9544877 |  1.0058556 |  0.006291624 |   1.256 |
|        -3.9332025 |  1.0053382 | 0.0063250892 |   1.251 |
|        -3.9119164 |  1.0079296 |  0.006257676 |   1.246 |
|         -3.890629 |  1.0070493 |  0.006443686 |   1.242 |
|        -3.8693396 |  1.0109936 |  0.006577272 |   1.237 |
|        -3.8480549 |  1.0075137 | 0.0066702928 |   1.232 |
|        -3.8267708 |   1.011666 | 0.0065116468 |   1.228 |
|        -3.8054845 |  1.0088741 | 0.0064948412 |   1.223 |
|        -3.7841999 |  1.0022097 | 0.0065011492 |   1.219 |
|        -3.7629137 |  1.0130381 | 0.0064684604 |   1.214 |
|         -3.741633 |  1.0070727 | 0.0064902628 |    1.21 |
|        -3.7203483 |  1.0087628 | 0.0064612692 |   1.206 |
|        -3.6990596 |  1.0061048 | 0.0064527832 |   1.201 |
|        -3.6777688 |  1.0066896 | 0.0064854284 |   1.197 |
|        -3.6564842 |  1.0164126 | 0.0095154396 |   1.193 |
|        -3.6351994 |  1.0098996 | 0.0064354712 |   1.189 |
|        -3.6139144 |  1.0065515 | 0.0063120732 |   1.185 |
|        -3.5926299 |  1.0083188 | 0.0064615788 |   1.181 |
|        -3.5713435 |  1.0073393 |  0.006405754 |   1.177 |
|         -3.550055 |  1.0068404 | 0.0066026376 |   1.173 |
|         -3.528766 |  1.0087587 | 0.0065481976 |    1.17 |
|         -3.507487 |  1.0073143 |  0.006663288 |   1.166 |
|        -3.4862004 |  1.0028539 | 0.0065395304 |   1.162 |
|        -3.4649138 |  1.0056753 | 0.0064226096 |   1.159 |
|        -3.4436293 |  1.0016596 | 0.0065441784 |   1.155 |
|        -3.4223535 |  1.0079157 | 0.0065936168 |   1.152 |
|        -3.4010635 |  1.0099084 |  0.006462096 |   1.148 |
|        -3.3797848 |  1.0088038 | 0.0065073872 |   1.145 |
|        -3.3584981 |  1.0069327 | 0.0064527912 |   1.142 |
|        -3.3372108 |  1.0129308 |   0.00629248 |   1.139 |
|        -3.3159238 |  1.0063498 | 0.0062647596 |   1.135 |
|        -3.2946643 |  1.0082852 |  0.006342712 |   1.132 |
|        -3.2733795 |  1.0097948 | 0.0064544876 |   1.129 |
|        -3.2520884 |  1.0088273 |  0.006358034 |   1.126 |
|        -3.2307875 |  1.0064355 | 0.0064430552 |   1.123 |
|        -3.2095167 |  1.0023578 | 0.0064013464 |    1.12 |
|        -3.1882283 |  1.0113556 | 0.0064667336 |   1.117 |
|        -3.1669402 |  1.0011805 |  0.006445784 |   1.114 |
|        -3.1456558 |  1.0042934 | 0.0064094032 |   1.111 |
|        -3.1243688 |  1.0125718 | 0.0064424568 |   1.109 |
|        -3.1030767 |  1.0049441 | 0.0064492108 |   1.106 |
|        -3.0817351 |  1.0101809 |   0.00646068 |   1.103 |
|        -3.0604299 |  1.0139659 | 0.0064715628 |   1.101 |
|          -3.03914 |  1.0044693 | 0.0064485708 |   1.098 |
|        -3.0178195 |   1.007874 | 0.0066014164 |   1.095 |
|        -2.9965365 | 0.99805484 | 0.0064428384 |   1.093 |
|        -2.9752419 |  1.0058427 | 0.0064843968 |    1.09 |
|        -2.9539556 |  1.0066087 |  0.006430266 |   1.088 |
|        -2.9326723 |  1.0059104 | 0.0064733688 |   1.086 |
|        -2.9113919 |  1.0061948 | 0.0064322872 |   1.083 |
|         -2.890105 |  1.0028601 | 0.0064420676 |   1.081 |
|          -2.86881 |  0.9990778 |  0.006507608 |   1.079 |
|        -2.8475259 |  1.0037044 | 0.0065208688 |   1.076 |
|        -2.8262412 |  1.0101105 | 0.0065689912 |   1.074 |
|        -2.8049542 |  1.0030804 | 0.0065148148 |   1.072 |
|         -2.783667 |  1.0090732 | 0.0064452476 |    1.07 |
|        -2.7623799 |  1.0026703 | 0.0064935388 |   1.068 |
|        -2.7410997 |  1.0040872 | 0.0064560272 |   1.066 |
|        -2.7198104 |  1.0041467 |  0.006571898 |   1.064 |
|        -2.6985222 |  1.0073044 |  0.006624582 |   1.062 |
|        -2.6772096 |  1.0076299 | 0.0064622956 |    1.06 |
|        -2.6559244 |  1.0091913 |   0.00647515 |   1.058 |
|        -2.6346418 |  1.0065079 | 0.0064968472 |   1.056 |
|        -2.6133788 |  1.0022051 |   0.00655974 |   1.055 |
|        -2.5920948 |  1.0082538 | 0.0066273876 |   1.053 |
|        -2.5494897 |  1.0064354 | 0.0064287172 |   1.049 |
|        -2.5282015 |  1.0034595 | 0.0065505444 |   1.048 |
|        -2.5069191 | 0.99921765 | 0.0065197912 |   1.046 |
|        -2.4856354 |  1.0057953 |  0.006500384 |   1.044 |
|        -2.4643516 |  1.0004058 |  0.006440182 |   1.043 |
|        -2.4430683 |  1.0018702 | 0.0064424964 |   1.041 |
|        -2.4217818 |  1.0029727 | 0.0064645872 |    1.04 |
|        -2.4004989 |  1.0075037 | 0.0064525096 |   1.038 |
|        -2.3792167 |  1.0025538 | 0.0064383104 |   1.037 |
|        -2.3579327 |  1.0091747 |  0.006593654 |   1.036 |
|         -2.336646 |  1.0031044 | 0.0064135228 |   1.034 |
|        -2.3153603 |  1.0056546 | 0.0064861068 |   1.033 |
|         -2.294074 |  1.0046375 | 0.0064600776 |   1.032 |
|        -2.2727892 |  1.0048502 | 0.0064945432 |    1.03 |
|         -2.251503 |  1.0064229 | 0.0064827288 |   1.029 |
|        -2.2302154 |  1.0061147 | 0.0064740108 |   1.028 |
|        -2.2089278 |   1.005455 | 0.0064662308 |   1.027 |
|        -2.1876383 |  1.0110512 | 0.0065134208 |   1.026 |
|        -2.1663489 |   1.006628 | 0.0065390464 |   1.024 |
|        -2.1450635 |  1.0061051 | 0.0065757368 |   1.023 |
|        -2.1237799 |  1.0056293 |  0.006566822 |   1.022 |
|        -2.1024884 |   1.001206 | 0.0064610556 |   1.021 |
|        -2.0811985 |  1.0094485 | 0.0065321028 |    1.02 |
|        -2.0599118 |  1.0035948 | 0.0064936868 |   1.019 |
|        -2.0386263 |  1.0047418 | 0.0065087176 |   1.018 |
|        -2.0173329 |  1.0058419 |  0.006524676 |   1.018 |
|        -1.9960691 | 0.99650519 | 0.0064634668 |   1.017 |
|        -1.9747869 |  1.0003857 | 0.0065236836 |   1.016 |
|        -1.9534993 |  1.0010158 | 0.0065813628 |   1.015 |
|        -1.9322144 |   1.002982 | 0.0064454404 |   1.014 |
|        -1.9109266 | 0.99768247 |  0.006444538 |   1.014 |
|        -1.8896425 |  1.0023218 | 0.0065882592 |   1.013 |
|        -1.8683515 |  1.0074283 | 0.0064869424 |   1.012 |
|        -1.8470625 |   1.005914 |   0.00638965 |   1.012 |
|        -1.8257635 |   1.012824 | 0.0065337708 |   1.011 |
|        -1.8044778 |  1.0047316 |  0.006368134 |    1.01 |
|        -1.7832113 |   1.007265 | 0.0065230604 |    1.01 |
|        -1.7619204 |  1.0062689 |  0.006485634 |   1.009 |
|        -1.7406241 |  1.0049821 | 0.0064057792 |   1.009 |
|        -1.7193345 |  1.0054665 | 0.0067255672 |   1.008 |
|        -1.6980541 |  1.0070383 | 0.0067344952 |   1.008 |
|        -1.6767681 |  1.0052878 |  0.006556054 |   1.007 |
|        -1.6554749 |  1.0027987 | 0.0064390848 |   1.007 |
|        -1.6341845 |  1.0027507 | 0.0063601292 |   1.007 |
|        -1.6128945 |    1.00306 |    0.0063639 |   1.006 |
|        -1.5916034 |  1.0074295 | 0.0063575892 |   1.006 |
|        -1.5703135 |  0.9985301 | 0.0062863976 |   1.006 |
|        -1.5490272 |  1.0021939 | 0.0065720156 |   1.006 |
|        -1.5277421 | 0.99868223 | 0.0063792116 |   1.005 |
|        -1.5064534 |  1.0012206 | 0.0064210784 |   1.005 |
|        -1.4851331 | 0.99987044 | 0.0063805644 |   1.005 |
|         -1.463762 | 0.99900975 |   0.00639919 |   1.005 |
|        -1.4424256 |   1.000315 |   0.00643454 |   1.005 |
|          -1.42107 | 0.99886848 | 0.0063812324 |   1.005 |
|        -1.3997464 |  1.0063566 | 0.0063513232 |   1.005 |
|        -1.3784496 |  0.9985704 | 0.0062170588 |   1.005 |
|        -1.3571502 | 0.99837364 | 0.0062675236 |   1.005 |
|        -1.3358176 |   1.002106 | 0.0063311124 |   1.005 |
|        -1.3144943 |  1.0023106 | 0.0062354492 |   1.005 |
|        -1.2931982 | 0.99997077 | 0.0062345256 |   1.005 |
|        -1.2718925 |  1.0029392 | 0.0062531676 |   1.005 |
|        -1.2505543 | 0.99852634 | 0.0062806936 |   1.005 |
|        -1.2292571 | 0.99822584 | 0.0063063372 |   1.006 |
|        -1.2079121 | 0.99999404 | 0.0064785204 |   1.006 |
|        -1.1864119 | 0.99949941 | 0.0062482268 |   1.006 |
|        -1.1648556 | 0.99587489 | 0.0062359552 |   1.006 |
|        -1.1432757 | 0.99541319 | 0.0062320496 |   1.007 |
|        -1.1217138 | 0.99837485 | 0.0062923988 |   1.007 |
|        -1.1001447 | 0.99899762 | 0.0063278076 |   1.007 |
|        -1.0786917 |  1.0034346 | 0.0066582464 |   1.008 |
|        -1.0572883 | 0.99002899 | 0.0064037656 |   1.008 |
|        -1.0359918 | 0.99469811 |   0.00639357 |   1.009 |
|         -1.014699 | 0.99515683 |  0.006287088 |   1.009 |
|       -0.99341132 | 0.99653946 | 0.0063820148 |    1.01 |
|       -0.97212387 | 0.99950055 |  0.006346184 |    1.01 |
|       -0.95083896 | 0.99693425 | 0.0063145584 |   1.011 |
|       -0.92955304 |  1.0049128 | 0.0063419264 |   1.011 |
|       -0.90826621 | 0.99545065 |  0.006281914 |   1.012 |
|       -0.88698229 | 0.99428699 |  0.006333642 |   1.013 |
|       -0.86567354 | 0.99455605 | 0.0062954492 |   1.013 |
|       -0.84438941 | 0.99364393 | 0.0062684484 |   1.014 |
|       -0.82310593 | 0.99196485 | 0.0062948068 |   1.015 |
|       -0.80182615 | 0.99394038 | 0.0062231284 |   1.016 |
|       -0.78054763 |  0.9904914 | 0.0062574296 |   1.016 |
|       -0.75925862 | 0.99338565 |  0.006224516 |   1.017 |
|       -0.73797115 | 0.99534898 | 0.0062140896 |   1.018 |
|       -0.71670296 | 0.99610117 |   0.00628615 |   1.019 |
|       -0.69542237 | 0.99550522 | 0.0062666716 |    1.02 |
|       -0.67411321 | 0.99487386 | 0.0062502424 |   1.021 |
|       -0.65283032 | 0.99596905 | 0.0062411644 |   1.022 |
|       -0.63155042 | 0.99773583 | 0.0062063936 |   1.023 |
|       -0.61026839 | 0.98821425 | 0.0062173108 |   1.024 |
|       -0.58898444 | 0.99566891 | 0.0062631184 |   1.025 |
|       -0.56766572 | 0.99157581 | 0.0062135348 |   1.026 |
|       -0.54637922 | 0.98740408 | 0.0061342948 |   1.027 |
|        -0.5250935 | 0.99765714 | 0.0062259592 |   1.029 |
|       -0.50380809 |  1.0061678 | 0.0062415868 |    1.03 |
|       -0.48252201 |  0.9956643 | 0.0062261972 |   1.031 |
|       -0.46121979 | 0.99259358 | 0.0061787268 |   1.032 |
|       -0.43993957 | 0.99314093 | 0.0061210548 |   1.034 |
|        -0.4186607 |  0.9958072 |   0.00611494 |   1.035 |
|         -0.397377 | 0.99281617 |  0.006169576 |   1.036 |
|       -0.37609053 | 0.99340119 | 0.0061121712 |   1.038 |
|       -0.35480246 |  0.9988269 |  0.006082396 |   1.039 |
|       -0.33352101 | 0.99326084 | 0.0060895804 |   1.041 |
|       -0.31223339 | 0.99475821 |   0.00608588 |   1.042 |
|       -0.29094817 | 0.99291664 | 0.0061821836 |   1.044 |
|       -0.26966213 | 0.99108863 | 0.0062520356 |   1.045 |
|       -0.24837996 | 0.99467682 | 0.0061082808 |   1.047 |
|       -0.22709475 | 0.99658175 | 0.0062151056 |   1.049 |
|       -0.20581328 |  1.0006704 | 0.0061909312 |    1.05 |
|       -0.18454986 | 0.99259089 | 0.0061215024 |   1.052 |
|       -0.16326788 | 0.99411351 |  0.006148862 |   1.054 |
|       -0.14198078 | 0.99970767 | 0.0061550164 |   1.056 |
|        -0.1206947 | 0.99402772 | 0.0061089528 |   1.057 |
|      -0.099403773 | 0.99857877 | 0.0061470692 |   1.059 |
|      -0.078121606 | 0.99606825 | 0.0060949152 |   1.061 |
|      -0.056835741 | 0.99332137 | 0.0060966912 |   1.063 |
|      -0.035551451 | 0.99734118 | 0.0061015828 |   1.065 |
|      -0.014262501 |  1.0013948 | 0.0061098452 |   1.067 |
|      0.0070317909 | 0.99378662 | 0.0060751268 |   1.069 |
|       0.028319634 | 0.99184998 | 0.0062051128 |   1.071 |
|       0.049611636 |  1.0035949 | 0.0062046436 |   1.073 |
|       0.070890438 | 0.99699548 | 0.0062287064 |   1.076 |
|       0.092175856 | 0.99639116 | 0.0061596224 |   1.078 |
|        0.11345667 |  0.9994931 | 0.0061391012 |    1.08 |
|        0.13474718 |  0.9988064 |  0.006076762 |   1.082 |
|        0.15603294 |  1.0039312 | 0.0060547504 |   1.085 |
|        0.17732018 | 0.99734927 |  0.006044994 |   1.087 |
|         0.1986003 | 0.99608584 | 0.0061701076 |   1.089 |
|        0.21991114 |  1.0006307 | 0.0060399524 |   1.092 |
|        0.24119604 |  1.0021013 | 0.0060835304 |   1.094 |
|        0.26248111 | 0.99753247 | 0.0060530892 |   1.097 |
|        0.28376437 |   1.000786 | 0.0060946072 |     1.1 |
|        0.30505269 |  1.0035751 |  0.006161078 |   1.102 |
|        0.32633759 |  1.0022457 | 0.0061198176 |   1.105 |
|         0.3476236 | 0.99837818 | 0.0061332232 |   1.108 |
|        0.36890593 | 0.99865505 |  0.006135182 |    1.11 |
|        0.39019101 |  1.0002051 | 0.0061639472 |   1.113 |
|         0.4114752 | 0.99722644 | 0.0064746688 |   1.116 |
|        0.43276212 |  1.0047001 | 0.0062319008 |   1.119 |
|        0.45407556 | 0.99560427 | 0.0062238056 |   1.122 |
|        0.47536588 | 0.99903948 | 0.0062281508 |   1.125 |
|        0.49665185 |  1.0035287 | 0.0061567908 |   1.128 |
|        0.51793963 | 0.99348783 | 0.0061052756 |   1.131 |
|        0.53922379 | 0.99708851 | 0.0060793812 |   1.134 |
|         0.5605109 | 0.99775215 | 0.0060840336 |   1.137 |
|        0.58182743 | 0.99718046 | 0.0061812484 |    1.14 |
|        0.60311656 |  1.0006784 | 0.0063427648 |   1.144 |
|        0.62439974 | 0.99998474 | 0.0062618632 |   1.147 |
|        0.64568509 | 0.99870486 | 0.0063089144 |    1.15 |
|        0.66694215 |  1.0062029 | 0.0062887768 |   1.154 |
|         0.6882301 | 0.99521239 | 0.0062272384 |   1.157 |
|         0.7095185 |    1.00068 | 0.0062859968 |   1.161 |
|        0.73080416 | 0.99699279 | 0.0061921528 |   1.165 |
|        0.75209593 | 0.99890722 | 0.0062097752 |   1.168 |
|        0.77338417 | 0.99491324 | 0.0061995068 |   1.172 |
|        0.79466857 |  1.0036068 | 0.0061436332 |   1.176 |
|        0.81595929 | 0.99698009 | 0.0061509792 |    1.18 |
|        0.83724816 | 0.99980182 | 0.0062601072 |   1.183 |
|        0.85853855 |  1.0037028 | 0.0062825956 |   1.187 |
|        0.87982589 | 0.99966708 | 0.0064011804 |   1.191 |
|        0.90109129 |  0.9981182 | 0.0064118508 |   1.195 |
|        0.92238396 |  1.0008919 | 0.0067470752 |     1.2 |
|         0.9436731 |  0.9967426 | 0.0063949764 |   1.204 |
|         0.9649592 | 0.99588092 | 0.0062541524 |   1.208 |
|        0.98624663 |  1.0011749 |  0.006304698 |   1.212 |
|         1.0075327 | 0.99587007 | 0.0062873916 |   1.217 |
|         1.0288198 | 0.99419099 | 0.0062988436 |   1.221 |
|         1.0501104 | 0.99293516 | 0.0063127068 |   1.226 |
|         1.0713952 | 0.99815304 | 0.0063325216 |    1.23 |
|         1.0926827 |  1.0029046 | 0.0063055748 |   1.235 |
|         1.1139714 | 0.99149208 | 0.0062667492 |    1.24 |
|         1.1352604 | 0.99924234 | 0.0062857896 |   1.244 |
|         1.1565445 | 0.99677992 | 0.0062368008 |   1.249 |
|         1.1778304 | 0.99614537 | 0.0063311364 |   1.254 |
|         1.1991148 |  0.9946395 | 0.0063102956 |   1.259 |
|         1.2204035 |  1.0026776 | 0.0064414276 |   1.264 |
|         1.2416932 | 0.99587546 |  0.006456594 |    1.27 |
|         1.2629996 | 0.99674913 | 0.0067903884 |   1.275 |
|         1.2842866 | 0.99933146 | 0.0068676364 |    1.28 |
|         1.3055758 | 0.99834888 | 0.0071163336 |   1.285 |
|         1.3268633 | 0.99534323 | 0.0067006768 |   1.291 |
|         1.3481439 | 0.99892035 | 0.0066170452 |   1.297 |
|         1.3694396 | 0.99838123 | 0.0064872604 |   1.302 |
|         1.3907259 | 0.99729818 | 0.0069292748 |   1.308 |
|         1.4120099 | 0.99809883 | 0.0067839792 |   1.314 |
|         1.4332928 | 0.99866988 | 0.0069139628 |    1.32 |
|         1.4545817 | 0.99750693 | 0.0069599428 |   1.326 |
|         1.4758677 | 0.99390859 | 0.0066954116 |   1.332 |
|         1.4971568 | 0.99937233 | 0.0067108572 |   1.338 |
|         1.5184443 |        1.0 | 0.0065667732 |   1.344 |
|         1.5610209 | 0.99968943 |   0.00642869 |   1.357 |
|         1.5823297 | 0.99442259 |  0.006659902 |   1.364 |
|         1.6036168 |  1.0003178 |  0.006520376 |    1.37 |
|         1.6248999 |  1.0007191 | 0.0064814204 |   1.377 |
|          1.646187 | 0.99893773 | 0.0065358392 |   1.384 |
|         1.6674712 |  0.9936594 | 0.0064416276 |   1.391 |
|         1.6887611 | 0.99583282 | 0.0065188356 |   1.398 |
|         1.7100477 | 0.99389972 |  0.006495932 |   1.405 |
|         1.7313302 |  0.9999504 | 0.0065286224 |   1.413 |
|         1.7526195 | 0.99501613 | 0.0065273028 |    1.42 |
|         1.7739096 | 0.99990137 | 0.0065543976 |   1.428 |
|          1.795194 | 0.99343532 |  0.006594336 |   1.435 |
|         1.8164771 |  1.0015269 | 0.0067191048 |   1.443 |
|         1.8377657 |   1.002367 | 0.0066118672 |   1.451 |
|         1.8590505 | 0.99237958 | 0.0064437284 |   1.459 |
|         1.8803402 | 0.99698044 | 0.0064373084 |   1.467 |
|         1.9016242 |  1.0004467 | 0.0065473888 |   1.476 |
|         1.9229171 | 0.99976847 | 0.0065627448 |   1.484 |
|         1.9442026 |  1.0008764 | 0.0065075936 |   1.493 |
|         1.9654895 | 0.99642813 | 0.0065093132 |   1.502 |
|         1.9867744 | 0.99773895 | 0.0066227556 |   1.511 |
|         2.0080604 | 0.99933203 |  0.006482476 |    1.52 |
|         2.0293426 | 0.99924319 | 0.0065081068 |   1.529 |
|         2.0506265 |  1.0011765 |  0.006636812 |   1.538 |
|         2.0719079 | 0.99605945 | 0.0066487308 |   1.548 |
|         2.0931978 | 0.99397806 | 0.0068853508 |   1.557 |
|         2.1144856 |  1.0026031 |   0.00700027 |   1.567 |
|         2.1357764 |  0.9937107 |    0.0069074 |   1.577 |
|         2.1570659 |   1.001245 | 0.0070722596 |   1.587 |
|         2.1783537 | 0.99878177 |  0.006839694 |   1.597 |
|         2.1996406 |  1.0022906 | 0.0068213356 |   1.608 |
|         2.2209243 | 0.99695788 | 0.0069115836 |   1.619 |
|          2.242208 |  0.9970321 |  0.006898052 |    1.63 |
|         2.2634933 | 0.99540531 | 0.0068136544 |   1.641 |
|         2.2847803 | 0.99782842 | 0.0068283264 |   1.652 |
|          2.306065 | 0.99794763 | 0.0069348952 |   1.663 |
|         2.3273491 | 0.99991712 | 0.0069906208 |   1.675 |
|         2.3486363 | 0.99959428 |  0.006930816 |   1.687 |
|         2.3699216 |  1.0016426 | 0.0070826972 |   1.699 |
|           2.39121 |  1.0032562 | 0.0071162004 |   1.711 |
|         2.4124989 |  1.0000261 | 0.0071505024 |   1.724 |
|         2.4337846 | 0.99710447 |    0.0071684 |   1.737 |
|          2.455072 |  1.0017349 | 0.0072396964 |    1.75 |
|         2.4763804 | 0.99800234 | 0.0074709472 |   1.763 |
|         2.4976665 |  1.0023532 | 0.0079224232 |   1.776 |
|         2.5189524 | 0.99582139 |  0.008081796 |    1.79 |
|         2.5402373 | 0.99229174 | 0.0079563216 |   1.804 |
|         2.5615239 |  1.0043261 | 0.0077842672 |   1.818 |
|         2.5828096 | 0.99670237 | 0.0076690952 |   1.833 |
|         2.6040757 | 0.99462999 | 0.0079427216 |   1.848 |
|          2.625359 | 0.99776088 | 0.0077249184 |   1.863 |
|         2.6466481 | 0.99094672 | 0.0082671224 |   1.878 |
|         2.6679351 |  0.9928476 | 0.0079501308 |   1.894 |
|         2.6893067 |   0.996501 | 0.0079455764 |    1.91 |
|         2.7106012 |  1.0009712 | 0.0080684304 |   1.927 |
|         2.7318859 | 0.99587745 | 0.0080659464 |   1.943 |
|         2.7531718 | 0.99718508 |   0.00831844 |    1.96 |
|         2.7744564 | 0.99877383 | 0.0083588752 |   1.978 |
|         2.7957372 |  1.0018189 | 0.0082687312 |   1.996 |
|         2.8170511 | 0.99062941 | 0.0083945908 |   2.014 |
|         2.8383384 |  1.0038665 | 0.0085153828 |   2.032 |
|         2.8596192 |  1.0018829 | 0.0082995732 |   2.051 |
|         2.8809043 |  1.0004054 | 0.0084161852 |    2.07 |
|         2.9021905 |  1.0005402 | 0.0081728496 |    2.09 |
|         2.9234769 | 0.99339871 |   0.00827235 |    2.11 |
|         2.9447625 | 0.99757448 | 0.0080892736 |   2.131 |
|         2.9660517 | 0.99969851 | 0.0080607512 |   2.152 |
