| JD - 2457565 (hr) |       Flux |     Flux Err | Airmass |
|        -4.5079613 |  1.0003406 | 0.0075150532 |   1.416 |
|        -4.4866787 | 0.99646366 | 0.0074363996 |   1.408 |
|        -4.4653956 |  0.9915551 | 0.0074302476 |   1.401 |
|        -4.4441073 | 0.99532352 | 0.0074722492 |   1.394 |
|        -4.4228128 | 0.99458456 |  0.007443836 |   1.387 |
|        -4.4015156 | 0.99441324 | 0.0073076416 |    1.38 |
|        -4.3802279 |  1.0036567 | 0.0074228812 |   1.373 |
|        -4.3589434 | 0.98900044 | 0.0073710676 |   1.366 |
|        -4.3376587 |  0.9869956 | 0.0074209916 |    1.36 |
|        -4.3163706 | 0.99474891 | 0.0074703016 |   1.353 |
|        -4.2950823 | 0.99540042 | 0.0076576792 |   1.347 |
|        -4.2737971 |  1.0025854 |  0.007789186 |   1.341 |
|         -4.252515 |  1.0001808 | 0.0076670612 |   1.334 |
|        -4.2312308 | 0.98631603 | 0.0073077008 |   1.328 |
|        -4.2099406 | 0.99382577 | 0.0073192784 |   1.322 |
|        -4.1886509 | 0.99239226 | 0.0072324116 |   1.316 |
|        -4.1673621 | 0.99764641 | 0.0072363072 |    1.31 |
|        -4.1460789 |  1.0060937 |  0.007195926 |   1.305 |
|        -4.1247933 |  1.0016326 | 0.0071339372 |   1.299 |
|        -4.1035074 | 0.99988902 | 0.0071617528 |   1.293 |
|        -4.0822223 |   1.004818 |  0.007212628 |   1.288 |
|        -4.0609334 |  1.0106886 | 0.0071828132 |   1.282 |
|        -4.0396478 |  1.0067478 |  0.007170606 |   1.277 |
|          -4.01836 |  1.0054518 | 0.0072054604 |   1.272 |
|        -3.9970688 |  1.0073857 |  0.007166312 |   1.266 |
|        -3.9757763 |  1.0110981 |   0.00725593 |   1.261 |
|        -3.9544877 |  1.0126644 | 0.0071934724 |   1.256 |
|        -3.9332025 |  1.0083702 | 0.0071480168 |   1.251 |
|        -3.9119164 |  1.0130488 | 0.0071546932 |   1.246 |
|         -3.890629 |  1.0096548 | 0.0072808232 |   1.242 |
|        -3.8693396 |  1.0058912 | 0.0072875268 |   1.237 |
|        -3.8480549 |    1.00627 |  0.007428234 |   1.232 |
|        -3.8267708 |  1.0058064 | 0.0072540716 |   1.228 |
|        -3.8054845 |  1.0099462 | 0.0073270816 |   1.223 |
|        -3.7841999 |   1.012003 | 0.0072326456 |   1.219 |
|        -3.7629137 |  1.0075974 | 0.0072036088 |   1.214 |
|         -3.741633 |  1.0146701 | 0.0073065028 |    1.21 |
|        -3.7203483 |  1.0134057 |  0.007266676 |   1.206 |
|        -3.6990596 |  1.0156672 |  0.007312824 |   1.201 |
|        -3.6777688 |  1.0128988 | 0.0073226368 |   1.197 |
|        -3.6564842 |  1.0142056 | 0.0106728584 |   1.193 |
|        -3.6351994 |   1.011365 | 0.0072108092 |   1.189 |
|        -3.6139144 |  1.0081624 |  0.007097606 |   1.185 |
|        -3.5926299 |  1.0101676 |  0.007148218 |   1.181 |
|        -3.5713435 |  1.0084144 | 0.0071406836 |   1.177 |
|         -3.550055 |  1.0117901 | 0.0073051864 |   1.173 |
|         -3.528766 |  1.0070054 |  0.007256488 |    1.17 |
|         -3.507487 |  1.0141321 |  0.007389848 |   1.166 |
|        -3.4862004 |  1.0117473 | 0.0072744156 |   1.162 |
|        -3.4649138 |  1.0137989 | 0.0071760296 |   1.159 |
|        -3.4436293 |  1.0097661 | 0.0072877264 |   1.155 |
|        -3.4223535 |  1.0037395 | 0.0073216612 |   1.152 |
|        -3.4010635 |  1.0120222 | 0.0071726704 |   1.148 |
|        -3.3797848 |  1.0125963 | 0.0071699088 |   1.145 |
|        -3.3584981 |  1.0105415 | 0.0071474532 |   1.142 |
|        -3.3372108 |  1.0155327 |  0.007061746 |   1.139 |
|        -3.3159238 |  1.0178432 | 0.0070366992 |   1.135 |
|        -3.2946643 |  1.0116891 | 0.0070841508 |   1.132 |
|        -3.2733795 |  1.0115915 | 0.0071045632 |   1.129 |
|        -3.2520884 |  1.0074991 | 0.0070477996 |   1.126 |
|        -3.2307875 |  1.0080726 | 0.0071256052 |   1.123 |
|        -3.2095167 |  1.0095246 | 0.0072102036 |    1.12 |
|        -3.1882283 |  1.0088418 |  0.007153926 |   1.117 |
|        -3.1669402 |   1.004446 | 0.0071303952 |   1.114 |
|        -3.1456558 |  1.0042245 | 0.0070662672 |   1.111 |
|        -3.1243688 |  1.0087553 | 0.0070748216 |   1.109 |
|        -3.1030767 |  1.0101244 | 0.0071201576 |   1.106 |
|        -3.0817351 |  1.0110012 | 0.0071566984 |   1.103 |
|        -3.0604299 |  1.0100551 | 0.0071083372 |   1.101 |
|          -3.03914 |   1.010003 | 0.0071273244 |   1.098 |
|        -3.0178195 |  1.0087599 |  0.007213082 |   1.095 |
|        -2.9965365 |  1.0039125 | 0.0070830524 |   1.093 |
|        -2.9752419 |  1.0065738 | 0.0070634756 |    1.09 |
|        -2.9539556 |   1.011136 | 0.0071409936 |   1.088 |
|        -2.9326723 |  1.0050337 |   0.00706452 |   1.086 |
|        -2.9113919 |  1.0041178 |  0.007048084 |   1.083 |
|         -2.890105 |  1.0029412 | 0.0071045352 |   1.081 |
|        -2.8475259 |  1.0094143 | 0.0071344772 |   1.076 |
|        -2.8262412 |   1.013513 | 0.0071992208 |   1.074 |
|        -2.8049542 |  1.0034073 | 0.0071012684 |   1.072 |
|         -2.783667 |  1.0116916 | 0.0070741368 |    1.07 |
|        -2.7623799 |     1.0026 | 0.0070791132 |   1.068 |
|        -2.7410997 |  1.0055517 | 0.0070814592 |   1.066 |
|        -2.7198104 |  1.0070464 |  0.007159278 |   1.064 |
|        -2.6985222 |  1.0068156 | 0.0071759544 |   1.062 |
|        -2.6772096 |  1.0042691 |  0.007030708 |    1.06 |
|        -2.6559244 |  1.0059088 | 0.0070900932 |   1.058 |
|        -2.6346418 |  1.0049575 | 0.0070912228 |   1.056 |
|        -2.6133788 |  1.0001426 |  0.007110456 |   1.055 |
|        -2.5920948 |  1.0055437 | 0.0071864384 |   1.053 |
|         -2.570812 |  1.0079467 | 0.0071191384 |   1.051 |
|        -2.5494897 |   1.006148 | 0.0070083408 |   1.049 |
|        -2.5282015 |  1.0109993 | 0.0071728944 |   1.048 |
|        -2.5069191 |  1.0010735 | 0.0071033172 |   1.046 |
|        -2.4856354 |  1.0001309 |  0.007026334 |   1.044 |
|        -2.4643516 |  1.0027304 |  0.007036838 |   1.043 |
|        -2.4430683 |  1.0015416 | 0.0070294404 |   1.041 |
|        -2.4217818 | 0.99955684 | 0.0070335272 |    1.04 |
|        -2.4004989 |  1.0093972 | 0.0070691572 |   1.038 |
|        -2.3792167 |  1.0077922 | 0.0070458664 |   1.037 |
|        -2.3579327 |  1.0073939 |     0.007165 |   1.036 |
|         -2.336646 |  1.0021042 | 0.0069816452 |   1.034 |
|        -2.3153603 |  1.0019165 | 0.0070153096 |   1.033 |
|         -2.294074 |  1.0107232 |  0.007053244 |   1.032 |
|        -2.2727892 |  1.0066936 | 0.0070645472 |    1.03 |
|         -2.251503 |  1.0043632 | 0.0069955748 |   1.029 |
|        -2.2302154 |  1.0009167 | 0.0069892732 |   1.028 |
|        -2.2089278 |  1.0032173 | 0.0069912424 |   1.027 |
|        -2.1876383 |  1.0068402 |  0.007010836 |   1.026 |
|        -2.1663489 |   1.012352 |  0.007098838 |   1.024 |
|        -2.1450635 |  1.0074085 | 0.0071380656 |   1.023 |
|        -2.1237799 |  1.0109243 | 0.0070841124 |   1.022 |
|        -2.1024884 |  1.0052217 | 0.0070209312 |   1.021 |
|        -2.0811985 |  1.0121705 | 0.0070896036 |    1.02 |
|        -2.0599118 |  1.0061195 | 0.0070812564 |   1.019 |
|        -2.0386263 |  1.0087266 | 0.0070519692 |   1.018 |
|        -2.0173329 |  1.0063553 | 0.0070399068 |   1.018 |
|        -1.9960691 |  1.0085939 | 0.0070503564 |   1.017 |
|        -1.9747869 |  1.0054813 | 0.0070269068 |   1.016 |
|        -1.9534993 |  1.0029635 | 0.0070560164 |   1.015 |
|        -1.9322144 |  1.0036699 | 0.0069906176 |   1.014 |
|        -1.9109266 |     1.0027 |  0.007049308 |   1.014 |
|        -1.8896425 |  1.0028651 | 0.0071442532 |   1.013 |
|        -1.8683515 |  1.0061101 | 0.0070391792 |   1.012 |
|        -1.8470625 |  1.0124984 | 0.0070120016 |   1.012 |
|        -1.8257635 |  1.0036098 | 0.0070439272 |   1.011 |
|        -1.8044778 |  1.0039026 | 0.0069488056 |    1.01 |
|        -1.7832113 |  1.0032366 | 0.0070625948 |    1.01 |
|        -1.7619204 | 0.99776804 | 0.0070060116 |   1.009 |
|        -1.7406241 |  1.0016052 | 0.0069276324 |   1.009 |
|        -1.7193345 |  1.0038357 | 0.0072090504 |   1.008 |
|        -1.6980541 |  1.0032595 | 0.0072416188 |   1.008 |
|        -1.6767681 |  1.0044284 |  0.007078578 |   1.007 |
|        -1.6554749 |  1.0075672 | 0.0070205668 |   1.007 |
|        -1.6341845 | 0.99822186 | 0.0069018452 |   1.007 |
|        -1.6128945 |  0.9999193 |   0.00698389 |   1.006 |
|        -1.5916034 |  1.0042452 | 0.0069571796 |   1.006 |
|        -1.5703135 |  1.0066696 | 0.0069631828 |   1.006 |
|        -1.5490272 | 0.99501306 | 0.0070508944 |   1.006 |
|        -1.5277421 |  1.0023312 | 0.0070521752 |   1.005 |
|        -1.5064534 |  1.0036445 | 0.0071114696 |   1.005 |
|        -1.4851331 | 0.99817513 | 0.0069735676 |   1.005 |
|         -1.463762 | 0.99581088 |  0.006963626 |   1.005 |
|        -1.4424256 | 0.99820762 | 0.0070692176 |   1.005 |
|          -1.42107 | 0.99932877 | 0.0070399508 |   1.005 |
|        -1.3997464 | 0.99324842 |  0.006922082 |   1.005 |
|        -1.3784496 | 0.99743701 | 0.0068755072 |   1.005 |
|        -1.3571502 |  1.0014715 | 0.0069649488 |   1.005 |
|        -1.3358176 |  1.0028415 | 0.0070321684 |   1.005 |
|        -1.3144943 | 0.99706653 | 0.0069224528 |   1.005 |
|        -1.2931982 | 0.99956802 | 0.0069004644 |   1.005 |
|        -1.2718925 | 0.99671008 | 0.0069128304 |   1.005 |
|        -1.2505543 | 0.99220354 | 0.0069647228 |   1.005 |
|        -1.2292571 | 0.99252497 | 0.0069377316 |   1.006 |
|        -1.2079121 | 0.98678568 | 0.0070334796 |   1.006 |
|        -1.1864119 |  0.9910805 | 0.0068918848 |   1.006 |
|        -1.1648556 | 0.99681779 | 0.0069826792 |   1.006 |
|        -1.1432757 |  0.9901313 | 0.0069263312 |   1.007 |
|        -1.1217138 |  0.9938879 | 0.0069743392 |   1.007 |
|        -1.1001447 | 0.99507192 | 0.0069794404 |   1.007 |
|        -1.0786917 |  0.9959112 | 0.0071950416 |   1.008 |
|        -1.0572883 |  0.9871685 | 0.0070711964 |   1.008 |
|        -1.0359918 | 0.99518469 |  0.007023082 |   1.009 |
|         -1.014699 | 0.98496713 | 0.0069316684 |   1.009 |
|       -0.99341132 | 0.99186661 | 0.0070218888 |    1.01 |
|       -0.97212387 | 0.99202252 | 0.0069659516 |    1.01 |
|       -0.95083896 | 0.99817281 | 0.0070273452 |   1.011 |
|       -0.92955304 | 0.99383231 | 0.0069888644 |   1.011 |
|       -0.90826621 | 0.99344453 |  0.006964766 |   1.012 |
|       -0.88698229 | 0.98743296 | 0.0069328964 |   1.013 |
|       -0.86567354 | 0.98851466 | 0.0069495252 |   1.013 |
|       -0.84438941 | 0.98878482 | 0.0069310676 |   1.014 |
|       -0.82310593 | 0.99205248 | 0.0069591864 |   1.015 |
|       -0.80182615 | 0.99305158 | 0.0069410948 |   1.016 |
|       -0.78054763 | 0.98893978 |  0.006911066 |   1.016 |
|       -0.75925862 | 0.99364686 | 0.0069576988 |   1.017 |
|       -0.73797115 | 0.99091867 | 0.0069151128 |   1.018 |
|       -0.71670296 | 0.99113619 | 0.0069216972 |   1.019 |
|       -0.69542237 | 0.98631435 |  0.006855206 |    1.02 |
|       -0.67411321 | 0.98785208 | 0.0069040152 |   1.021 |
|       -0.65283032 | 0.98367488 | 0.0069085796 |   1.022 |
|       -0.63155042 | 0.98755153 | 0.0068870372 |   1.023 |
|       -0.61026839 | 0.98804554 | 0.0069941284 |   1.024 |
|       -0.58898444 | 0.98247503 |  0.006893584 |   1.025 |
|       -0.56766572 | 0.98359734 | 0.0069001716 |   1.026 |
|       -0.54637922 | 0.98836834 | 0.0069122856 |   1.027 |
|        -0.5250935 | 0.98802381 |    0.0069262 |   1.029 |
|       -0.50380809 | 0.98784838 | 0.0069301356 |    1.03 |
|       -0.48252201 | 0.98459844 | 0.0069157804 |   1.031 |
|       -0.46121979 | 0.98655444 | 0.0069382128 |   1.032 |
|       -0.43993957 | 0.98855696 | 0.0068513728 |   1.034 |
|        -0.4186607 | 0.98827889 | 0.0068475364 |   1.035 |
|         -0.397377 |  0.9851414 |  0.006934692 |   1.036 |
|       -0.37609053 | 0.98715004 | 0.0069180636 |   1.038 |
|       -0.35480246 | 0.98828965 |  0.006853186 |   1.039 |
|       -0.33352101 | 0.98733391 | 0.0068101672 |   1.041 |
|       -0.31223339 | 0.98653419 | 0.0068736204 |   1.042 |
|       -0.29094817 | 0.98750122 | 0.0069669712 |   1.044 |
|       -0.26966213 | 0.98795292 | 0.0069775672 |   1.045 |
|       -0.24837996 | 0.99133441 | 0.0069187368 |   1.047 |
|       -0.22709475 | 0.98740364 | 0.0069267152 |   1.049 |
|       -0.20581328 | 0.99267856 | 0.0069421796 |    1.05 |
|       -0.18454986 | 0.99388769 |  0.006962356 |   1.052 |
|       -0.16326788 |  0.9874279 |   0.00689569 |   1.054 |
|       -0.14198078 | 0.98925098 | 0.0069375248 |   1.056 |
|        -0.1206947 | 0.99653676 | 0.0069359892 |   1.057 |
|      -0.099403773 | 0.99625658 | 0.0069590348 |   1.059 |
|      -0.078121606 | 0.99274829 | 0.0069033492 |   1.061 |
|      -0.056835741 | 0.98973096 | 0.0068958156 |   1.063 |
|      -0.035551451 | 0.99383748 | 0.0069453176 |   1.065 |
|      -0.014262501 | 0.99949839 | 0.0069378264 |   1.067 |
|      0.0070317909 | 0.99650321 | 0.0068921804 |   1.069 |
|       0.028319634 | 0.99023921 | 0.0070080504 |   1.071 |
|       0.049611636 |  1.0019575 | 0.0070469296 |   1.073 |
|       0.070890438 | 0.99433423 | 0.0070012928 |   1.076 |
|       0.092175856 | 0.98921132 | 0.0069479988 |   1.078 |
|        0.11345667 | 0.99881608 | 0.0069922788 |    1.08 |
|        0.13474718 | 0.99676662 | 0.0069524524 |   1.082 |
|        0.15603294 |        1.0 | 0.0069015844 |   1.085 |
|        0.17732018 |  1.0047928 | 0.0069062776 |   1.087 |
|         0.1986003 |    0.99173 | 0.0069097244 |   1.089 |
|        0.21991114 | 0.99671588 | 0.0068745368 |   1.092 |
|        0.24119604 |  1.0021614 | 0.0069828672 |   1.094 |
|        0.26248111 | 0.99765991 | 0.0069279936 |   1.097 |
|        0.28376437 |  1.0023126 | 0.0069454512 |     1.1 |
|        0.30505269 |  1.0036818 |  0.006962272 |   1.102 |
|        0.32633759 | 0.99883022 | 0.0068728632 |   1.105 |
|         0.3476236 |  1.0025774 | 0.0069163556 |   1.108 |
|        0.36890593 |   1.005637 | 0.0069732248 |    1.11 |
|        0.39019101 |  1.0021858 | 0.0069874232 |   1.113 |
|         0.4114752 |  1.0054787 | 0.0073477428 |   1.116 |
|        0.43276212 |  1.0012231 | 0.0070541084 |   1.119 |
|        0.45407556 |  1.0072297 | 0.0070815988 |   1.122 |
|        0.47536588 |  1.0032406 | 0.0070547068 |   1.125 |
|        0.49665185 | 0.99992014 | 0.0070010016 |   1.128 |
|        0.51793963 |  1.0064255 |   0.00699646 |   1.131 |
|        0.53922379 |  1.0066892 | 0.0069646792 |   1.134 |
|         0.5605109 |   1.002735 | 0.0069563248 |   1.137 |
|        0.58182743 | 0.99955821 |   0.00698164 |    1.14 |
|        0.60311656 | 0.99944723 |  0.007140196 |   1.144 |
|        0.62439974 |  1.0102726 | 0.0071192848 |   1.147 |
|        0.64568509 |  1.0084152 | 0.0071145916 |    1.15 |
|        0.66694215 |  1.0111522 | 0.0071857724 |   1.154 |
|         0.6882301 |  1.0008878 | 0.0070913788 |   1.157 |
|         0.7095185 |  1.0126822 | 0.0071677908 |   1.161 |
|        0.73080416 |  1.0039798 |  0.007086086 |   1.165 |
|        0.75209593 |  1.0002695 | 0.0070576656 |   1.168 |
|        0.77338417 |  1.0081964 | 0.0071609724 |   1.172 |
|        0.79466857 | 0.99715092 | 0.0070082532 |   1.176 |
|        0.81595929 |  1.0054467 | 0.0070915056 |    1.18 |
|        0.83724816 |  1.0073551 | 0.0071848612 |   1.183 |
|        0.85853855 |  1.0034747 | 0.0071257124 |   1.187 |
|        0.87982589 |  1.0013094 | 0.0072480564 |   1.191 |
|        0.90109129 |  1.0040693 | 0.0072575396 |   1.195 |
|        0.92238396 |  1.0024042 | 0.0076182384 |     1.2 |
|         0.9436731 | 0.99952994 | 0.0072679996 |   1.204 |
|         0.9649592 |  1.0025376 |  0.007145936 |   1.208 |
|        0.98624663 | 0.99732329 |   0.00714229 |   1.212 |
|         1.0075327 | 0.99777606 | 0.0071170244 |   1.217 |
|         1.0288198 | 0.99934681 | 0.0071331264 |   1.221 |
|         1.0501104 |   1.000695 | 0.0071418852 |   1.226 |
|         1.0713952 | 0.99705567 | 0.0071538692 |    1.23 |
|         1.0926827 |  1.0010701 | 0.0071336416 |   1.235 |
|         1.1139714 | 0.99811204 | 0.0071794736 |    1.24 |
|         1.1352604 |  0.9909596 | 0.0070926604 |   1.244 |
|         1.1565445 | 0.99530115 |  0.007089938 |   1.249 |
|         1.1778304 |  1.0000122 | 0.0071690564 |   1.254 |
|         1.1991148 | 0.99191471 | 0.0072040008 |   1.259 |
|         1.2204035 | 0.99857662 |  0.007172832 |   1.264 |
|         1.2416932 | 0.99908245 | 0.0073796048 |    1.27 |
|         1.2629996 | 0.99112069 |  0.007639184 |   1.275 |
|         1.2842866 | 0.99319705 | 0.0077530372 |    1.28 |
|         1.3055758 | 0.99485588 | 0.0079762068 |   1.285 |
|         1.3268633 | 0.99272023 |  0.007462468 |   1.291 |
|         1.3481439 | 0.99898677 | 0.0073725784 |   1.297 |
|         1.3694396 | 0.99765664 |  0.007351214 |   1.302 |
|         1.3907259 |  0.9894551 | 0.0077349508 |   1.308 |
|         1.4120099 | 0.99231673 | 0.0076121512 |   1.314 |
|         1.4332928 |   0.989578 | 0.0076902568 |    1.32 |
|         1.4545817 | 0.99718879 |  0.007831026 |   1.326 |
|         1.4758677 | 0.99705102 | 0.0075407236 |   1.332 |
|         1.4971568 | 0.99169434 | 0.0074866668 |   1.338 |
|         1.5184443 | 0.98673494 | 0.0073014476 |   1.344 |
|         1.5397365 | 0.98947335 | 0.0113935084 |   1.351 |
|         1.5610209 | 0.99227296 | 0.0071989432 |   1.357 |
|         1.5823297 | 0.99052551 | 0.0073861784 |   1.364 |
|         1.6036168 |  1.0004069 |  0.007319866 |    1.37 |
|         1.6248999 |  0.9942818 | 0.0072359432 |   1.377 |
|          1.646187 |  1.0003362 | 0.0072885692 |   1.384 |
|         1.6674712 | 0.99853358 | 0.0072231368 |   1.391 |
|         1.6887611 | 0.99348071 | 0.0072541624 |   1.398 |
|         1.7100477 |  1.0000708 |  0.007246074 |   1.405 |
|         1.7313302 | 0.99895797 | 0.0072899184 |   1.413 |
|         1.7526195 |  1.0009562 | 0.0073191996 |    1.42 |
|         1.7739096 |  1.0010376 | 0.0073080596 |   1.428 |
|          1.795194 |  1.0024138 | 0.0073745396 |   1.435 |
|         1.8164771 | 0.99428718 |  0.007373002 |   1.443 |
|         1.8377657 |  0.9963858 | 0.0073240644 |   1.451 |
|         1.8590505 |   0.997579 | 0.0072436272 |   1.459 |
|         1.8803402 | 0.99527837 | 0.0071634976 |   1.467 |
|         1.9016242 | 0.99901187 | 0.0072619316 |   1.476 |
|         1.9229171 |  1.0014445 |  0.007269812 |   1.484 |
|         1.9442026 |  1.0007089 | 0.0072396704 |   1.493 |
|         1.9654895 | 0.99955198 |  0.007232546 |   1.502 |
|         1.9867744 |  1.0014481 | 0.0073777464 |   1.511 |
|         2.0080604 | 0.99715124 | 0.0072433908 |    1.52 |
|         2.0293426 |    1.00189 | 0.0072812512 |   1.529 |
|         2.0506265 |  1.0034641 | 0.0073073984 |   1.538 |
|         2.0719079 | 0.99290241 |  0.007285576 |   1.548 |
|         2.0931978 |   1.002576 | 0.0075090452 |   1.557 |
|         2.1144856 |  0.9969853 | 0.0074880124 |   1.567 |
|         2.1357764 | 0.99996719 | 0.0074719212 |   1.577 |
|         2.1570659 |  1.0015878 |   0.00762338 |   1.587 |
|         2.1783537 |  1.0010988 | 0.0074564768 |   1.597 |
|         2.1996406 |  0.9932769 | 0.0073633576 |   1.608 |
|         2.2209243 | 0.99841976 | 0.0074530936 |   1.619 |
|          2.242208 | 0.99515378 |  0.007463242 |    1.63 |
|         2.2634933 |  1.0030659 | 0.0075327344 |   1.641 |
|         2.2847803 |  0.9952809 | 0.0073703348 |   1.652 |
|          2.306065 | 0.99293575 |  0.007445758 |   1.663 |
|         2.3273491 |  0.9968066 | 0.0075134184 |   1.675 |
|         2.3486363 |  0.9956555 | 0.0074288664 |   1.687 |
|         2.3699216 |  1.0007435 | 0.0075669348 |   1.699 |
|           2.39121 | 0.99657758 | 0.0075675404 |   1.711 |
|         2.4124989 |  0.9965952 | 0.0075612908 |   1.724 |
|         2.4337846 |  1.0007082 |  0.007643434 |   1.737 |
|          2.455072 | 0.99380119 | 0.0076858812 |    1.75 |
|         2.4763804 | 0.98871224 | 0.0077364796 |   1.763 |
|         2.4976665 | 0.98581105 | 0.0081752268 |   1.776 |
|         2.5189524 | 0.99170257 | 0.0081931264 |    1.79 |
|         2.5402373 | 0.99800033 | 0.0081329576 |   1.804 |
|         2.5615239 |  0.9976039 | 0.0079438928 |   1.818 |
|         2.5828096 | 0.99928752 | 0.0079117076 |   1.833 |
|         2.6040757 | 0.98686469 | 0.0079661652 |   1.848 |
|          2.625359 | 0.98718359 | 0.0078694532 |   1.863 |
|         2.6466481 | 0.98125968 | 0.0083446636 |   1.878 |
|         2.6679351 | 0.98977875 |  0.008094944 |   1.894 |
|         2.6893067 | 0.99367576 | 0.0080024408 |    1.91 |
|         2.7106012 | 0.98713727 |   0.00803395 |   1.927 |
|         2.7318859 | 0.98843554 |  0.008092306 |   1.943 |
|         2.7531718 | 0.99104906 | 0.0081019556 |    1.96 |
|         2.7744564 | 0.98078994 |  0.008120724 |   1.978 |
|         2.7957372 | 0.98608185 | 0.0081045336 |   1.996 |
|         2.8170511 | 0.98489223 | 0.0081572308 |   2.014 |
|         2.8383384 | 0.98465288 |   0.00808431 |   2.032 |
|         2.8596192 | 0.98634251 | 0.0080813976 |   2.051 |
|         2.8809043 | 0.99281718 | 0.0080852184 |    2.07 |
|         2.9021905 | 0.99073744 |  0.008042788 |    2.09 |
|         2.9234769 | 0.98907502 | 0.0081201436 |    2.11 |
|         2.9447625 | 0.99206408 | 0.0079602976 |   2.131 |
|         2.9660517 |  0.9827145 | 0.0079406648 |   2.152 |
