| JD - 2457565 (hr) |       Flux |     Flux Err | Airmass |
|        -4.5079613 | 0.99309491 | 0.0075698636 |   1.416 |
|        -4.4866787 | 0.99498396 | 0.0074911212 |   1.408 |
|        -4.4653956 | 0.99007157 | 0.0074603904 |   1.401 |
|        -4.4441073 |  0.9988466 | 0.0075805916 |   1.394 |
|        -4.4228128 | 0.99261691 |  0.007574518 |   1.387 |
|        -4.4015156 | 0.99215812 | 0.0073558484 |    1.38 |
|        -4.3802279 |  1.0046939 | 0.0074942376 |   1.373 |
|        -4.3589434 | 0.99696538 | 0.0074280632 |   1.366 |
|        -4.3376587 |  1.0026268 |  0.007584634 |    1.36 |
|        -4.3163706 |  0.9953744 |  0.007539206 |   1.353 |
|        -4.2950823 |   1.009911 | 0.0078543544 |   1.347 |
|        -4.2737971 | 0.99457431 | 0.0078116752 |   1.341 |
|         -4.252515 | 0.99518273 | 0.0077198952 |   1.334 |
|        -4.2312308 | 0.99018097 | 0.0073840304 |   1.328 |
|        -4.2099406 | 0.99667505 |  0.007536248 |   1.322 |
|        -4.1886509 | 0.99645999 |  0.007341974 |   1.316 |
|        -4.1673621 |  1.0010081 | 0.0073059968 |    1.31 |
|        -4.1460789 |  1.0052768 | 0.0072074324 |   1.305 |
|        -4.1247933 | 0.99431511 |  0.007120568 |   1.299 |
|        -4.1035074 | 0.99837307 |  0.007090962 |   1.293 |
|        -4.0822223 |  1.0002084 |  0.007194762 |   1.288 |
|        -4.0609334 |  1.0015972 |  0.007081848 |   1.282 |
|        -4.0396478 |  1.0033321 |  0.007127174 |   1.277 |
|          -4.01836 | 0.99915604 | 0.0071425884 |   1.272 |
|        -3.9970688 |  1.0043525 | 0.0071766948 |   1.266 |
|        -3.9757763 |  1.0015608 | 0.0071705712 |   1.261 |
|        -3.9544877 |  1.0070607 |   0.00718133 |   1.256 |
|        -3.9332025 |  1.0027581 | 0.0071985612 |   1.251 |
|        -3.9119164 | 0.99967845 | 0.0071080688 |   1.246 |
|         -3.890629 |  1.0068539 | 0.0073759928 |   1.242 |
|        -3.8693396 |  1.0105538 |  0.007449414 |   1.237 |
|        -3.8480549 |  1.0033493 |  0.007614082 |   1.232 |
|        -3.8267708 |  1.0116692 | 0.0073955556 |   1.228 |
|        -3.8054845 |  1.0066461 |  0.007543842 |   1.223 |
|        -3.7841999 |  1.0023393 | 0.0073813236 |   1.219 |
|        -3.7629137 |  1.0066618 | 0.0073129852 |   1.214 |
|         -3.741633 |  1.0038103 |  0.007419528 |    1.21 |
|        -3.7203483 |  1.0063515 | 0.0073701972 |   1.206 |
|        -3.6990596 |  1.0112446 | 0.0073546236 |   1.201 |
|        -3.6777688 |  1.0036984 | 0.0073714324 |   1.197 |
|        -3.6564842 |  1.0121683 | 0.0106648676 |   1.193 |
|        -3.6351994 |  1.0111946 |  0.007359866 |   1.189 |
|        -3.6139144 | 0.99818531 | 0.0071102136 |   1.185 |
|        -3.5926299 | 0.99923058 | 0.0072662364 |   1.181 |
|        -3.5713435 |  1.0047069 | 0.0072913104 |   1.177 |
|         -3.550055 |  1.0070814 |   0.00749928 |   1.173 |
|         -3.528766 |  1.0045382 | 0.0074299432 |    1.17 |
|         -3.507487 |  1.0073346 | 0.0075827804 |   1.166 |
|        -3.4862004 |  1.0020076 |   0.00746543 |   1.162 |
|        -3.4649138 |  1.0012136 | 0.0071996524 |   1.159 |
|        -3.4436293 |  1.0060184 |  0.007430032 |   1.155 |
|        -3.4223535 |   1.001249 |  0.007475374 |   1.152 |
|        -3.4010635 |  1.0024501 |   0.00724779 |   1.148 |
|        -3.3797848 |   1.005499 |  0.007312378 |   1.145 |
|        -3.3584981 |   1.005923 |  0.007256622 |   1.142 |
|        -3.3372108 |  1.0073256 | 0.0071124892 |   1.139 |
|        -3.3159238 |  1.0068115 | 0.0070681788 |   1.135 |
|        -3.2946643 |  1.0061692 | 0.0072000436 |   1.132 |
|        -3.2733795 |  1.0028515 | 0.0073183116 |   1.129 |
|        -3.2520884 | 0.99997033 | 0.0071562816 |   1.126 |
|        -3.2307875 |  1.0042773 | 0.0072525176 |   1.123 |
|        -3.2095167 | 0.99848037 | 0.0072510692 |    1.12 |
|        -3.1882283 |   1.005816 | 0.0073082668 |   1.117 |
|        -3.1669402 | 0.99658804 |  0.007372206 |   1.114 |
|        -3.1456558 |  1.0028991 | 0.0072544388 |   1.111 |
|        -3.1243688 |   1.005136 | 0.0072908572 |   1.109 |
|        -3.1030767 |  1.0046215 | 0.0073355116 |   1.106 |
|        -3.0817351 |  1.0051301 | 0.0073312796 |   1.103 |
|        -3.0604299 |  1.0087576 | 0.0074134948 |   1.101 |
|          -3.03914 |  1.0027754 | 0.0073688248 |   1.098 |
|        -3.0178195 |  1.0088903 | 0.0074683284 |   1.095 |
|        -2.9965365 |  1.0029895 | 0.0073575136 |   1.093 |
|        -2.9752419 |  1.0037114 | 0.0074040624 |    1.09 |
|        -2.9539556 |  1.0191208 | 0.0074516552 |   1.088 |
|        -2.9326723 |  1.0046171 | 0.0073825748 |   1.086 |
|        -2.9113919 |  1.0024034 | 0.0073173276 |   1.083 |
|         -2.890105 |  1.0032971 | 0.0073873816 |   1.081 |
|          -2.86881 | 0.99938339 | 0.0075156096 |   1.079 |
|        -2.8475259 |  1.0027919 | 0.0074514456 |   1.076 |
|        -2.8262412 |  1.0070521 | 0.0075351972 |   1.074 |
|        -2.8049542 |  1.0052207 | 0.0074757868 |   1.072 |
|         -2.783667 |  1.0096963 | 0.0073701032 |    1.07 |
|        -2.7623799 |  1.0015254 |   0.00739702 |   1.068 |
|        -2.7410997 | 0.99761439 | 0.0073466172 |   1.066 |
|        -2.7198104 |   1.003106 | 0.0074739532 |   1.064 |
|        -2.6985222 |  1.0056887 |  0.007532044 |   1.062 |
|        -2.6772096 |    1.00279 | 0.0073936832 |    1.06 |
|        -2.6559244 |  1.0050182 | 0.0074036136 |   1.058 |
|        -2.6346418 |  1.0055214 | 0.0074071824 |   1.056 |
|        -2.6133788 | 0.99895764 | 0.0075375928 |   1.055 |
|        -2.5920948 |  1.0083803 | 0.0076642524 |   1.053 |
|         -2.570812 |  1.0063802 |  0.007494512 |   1.051 |
|        -2.5494897 |  1.0052855 | 0.0073999852 |   1.049 |
|        -2.5282015 |  1.0085499 | 0.0075876972 |   1.048 |
|        -2.5069191 |  1.0010637 | 0.0076019148 |   1.046 |
|        -2.4856354 |  1.0025141 | 0.0074608104 |   1.044 |
|        -2.4643516 |  1.0009808 | 0.0074552424 |   1.043 |
|        -2.4430683 |  1.0041697 | 0.0074665856 |   1.041 |
|        -2.4217818 |  1.0021907 |   0.00742594 |    1.04 |
|        -2.4004989 |  1.0086778 | 0.0074440956 |   1.038 |
|        -2.3792167 |  1.0001417 | 0.0073902044 |   1.037 |
|        -2.3579327 |  1.0095069 | 0.0075976216 |   1.036 |
|         -2.336646 |  1.0027374 | 0.0073931776 |   1.034 |
|        -2.3153603 |  1.0012499 |  0.007421418 |   1.033 |
|         -2.294074 |  1.0054556 | 0.0074759592 |   1.032 |
|        -2.2727892 |  1.0062635 | 0.0075752832 |    1.03 |
|         -2.251503 |  1.0037492 |  0.007474488 |   1.029 |
|        -2.2302154 |  1.0043724 | 0.0074868088 |   1.028 |
|        -2.2089278 |        1.0 |  0.007419358 |   1.027 |
|        -2.1876383 |  1.0119601 | 0.0075745388 |   1.026 |
|        -2.1663489 |  1.0032313 | 0.0075506244 |   1.024 |
|        -2.1450635 |  1.0069648 | 0.0076297496 |   1.023 |
|        -2.1237799 |  1.0063857 | 0.0075747028 |   1.022 |
|        -2.1024884 |  1.0029427 | 0.0075675792 |   1.021 |
|        -2.0811985 |  1.0048405 |  0.007581514 |    1.02 |
|        -2.0599118 |  1.0021713 | 0.0075627932 |   1.019 |
|        -2.0386263 |   1.010184 | 0.0076444688 |   1.018 |
|        -2.0173329 |  1.0090484 | 0.0075479744 |   1.018 |
|        -1.9960691 |   1.003394 | 0.0075813996 |   1.017 |
|        -1.9747869 | 0.99930603 | 0.0075429204 |   1.016 |
|        -1.9534993 |  1.0052869 | 0.0076459948 |   1.015 |
|        -1.9322144 |  1.0046798 | 0.0074809016 |   1.014 |
|        -1.9109266 |  1.0032537 | 0.0076366532 |   1.014 |
|        -1.8896425 | 0.99951936 |  0.007647106 |   1.013 |
|        -1.8683515 |  1.0028292 | 0.0074207012 |   1.012 |
|        -1.8470625 |  1.0070037 | 0.0074023964 |   1.012 |
|        -1.8257635 |  1.0056233 |   0.00751728 |   1.011 |
|        -1.8044778 |  1.0005013 |   0.00736572 |    1.01 |
|        -1.7832113 |  1.0040262 | 0.0075948108 |    1.01 |
|        -1.7619204 |  1.0007555 |  0.007515796 |   1.009 |
|        -1.7406241 |  1.0056421 | 0.0073827064 |   1.009 |
|        -1.7193345 |  1.0064194 | 0.0077755612 |   1.008 |
|        -1.6980541 |   1.006257 | 0.0078444424 |   1.008 |
|        -1.6767681 |   1.007284 | 0.0075876068 |   1.007 |
|        -1.6554749 |  1.0025239 |  0.007511872 |   1.007 |
|        -1.6341845 | 0.99977165 | 0.0073627184 |   1.007 |
|        -1.6128945 | 0.99779587 | 0.0073525272 |   1.006 |
|        -1.5916034 |  1.0055038 | 0.0073502428 |   1.006 |
|        -1.5703135 | 0.99791209 | 0.0073169856 |   1.006 |
|        -1.5490272 | 0.99650677 |  0.007453186 |   1.006 |
|        -1.5277421 | 0.99790208 | 0.0073936712 |   1.005 |
|        -1.5064534 |  1.0011652 |  0.007421322 |   1.005 |
|        -1.4851331 | 0.99597426 | 0.0073451452 |   1.005 |
|         -1.463762 |  1.0034485 | 0.0074100292 |   1.005 |
|        -1.4424256 |   1.005275 | 0.0075033416 |   1.005 |
|          -1.42107 | 0.99781261 | 0.0073795252 |   1.005 |
|        -1.3997464 |  1.0008276 | 0.0073613292 |   1.005 |
|        -1.3784496 | 0.99539123 | 0.0071636336 |   1.005 |
|        -1.3571502 |  1.0005872 | 0.0072044752 |   1.005 |
|        -1.3144943 |  1.0008453 | 0.0071521112 |   1.005 |
|        -1.2931982 | 0.99403452 | 0.0071741236 |   1.005 |
|        -1.2718925 | 0.99969975 | 0.0072371916 |   1.005 |
|        -1.2505543 |  1.0020357 |  0.007273208 |   1.005 |
|        -1.2292571 | 0.99579041 | 0.0071993444 |   1.006 |
|        -1.2079121 | 0.99722795 | 0.0074691304 |   1.006 |
|        -1.1864119 | 0.99946885 | 0.0072033896 |   1.006 |
|        -1.1648556 | 0.99596061 | 0.0071446656 |   1.006 |
|        -1.1432757 | 0.99307771 | 0.0071322744 |   1.007 |
|        -1.1217138 |  0.9888835 | 0.0072019804 |   1.007 |
|        -1.1001447 | 0.99458405 | 0.0072698536 |   1.007 |
|        -1.0786917 | 0.99826412 | 0.0076435396 |   1.008 |
|        -1.0572883 | 0.99306733 | 0.0074460196 |   1.008 |
|        -1.0359918 | 0.99469881 | 0.0072736796 |   1.009 |
|         -1.014699 | 0.99389208 | 0.0072367284 |   1.009 |
|       -0.99341132 | 0.99728547 |  0.007377314 |    1.01 |
|       -0.97212387 | 0.99709462 |  0.007325228 |    1.01 |
|       -0.95083896 | 0.99318255 | 0.0072120948 |   1.011 |
|       -0.92955304 |  1.0031788 | 0.0073253736 |   1.011 |
|       -0.90826621 | 0.99236799 | 0.0072639568 |   1.012 |
|       -0.88698229 | 0.99092372 | 0.0072501492 |   1.013 |
|       -0.86567354 | 0.99276917 | 0.0072050408 |   1.013 |
|       -0.84438941 | 0.98961451 |  0.007200992 |   1.014 |
|       -0.82310593 | 0.99005446 | 0.0071786308 |   1.015 |
|       -0.80182615 | 0.98986889 | 0.0071549108 |   1.016 |
|       -0.78054763 | 0.99340735 | 0.0072002812 |   1.016 |
|       -0.75925862 | 0.99267962 | 0.0071676836 |   1.017 |
|       -0.73797115 | 0.98951094 | 0.0071414204 |   1.018 |
|       -0.71670296 | 0.98831567 | 0.0071283876 |   1.019 |
|       -0.69542237 | 0.98947572 | 0.0071422684 |    1.02 |
|       -0.67411321 | 0.98743595 | 0.0071299956 |   1.021 |
|       -0.65283032 |  0.9954544 | 0.0072115672 |   1.022 |
|       -0.63155042 | 0.99307971 | 0.0071642252 |   1.023 |
|       -0.61026839 | 0.98863968 | 0.0071932752 |   1.024 |
|       -0.58898444 | 0.99791619 | 0.0072021184 |   1.025 |
|       -0.56766572 | 0.99036827 | 0.0071575204 |   1.026 |
|       -0.54637922 | 0.98739545 | 0.0070779228 |   1.027 |
|        -0.5250935 | 0.99338451 |  0.007142428 |   1.029 |
|       -0.50380809 |  0.9944225 |  0.007148736 |    1.03 |
|       -0.48252201 | 0.99272312 | 0.0071740736 |   1.031 |
|       -0.46121979 | 0.99311984 | 0.0070925936 |   1.032 |
|       -0.43993957 | 0.99419087 | 0.0070272604 |   1.034 |
|        -0.4186607 | 0.99268116 | 0.0069904632 |   1.035 |
|         -0.397377 | 0.99180663 | 0.0070819952 |   1.036 |
|       -0.37609053 | 0.99908824 | 0.0070789788 |   1.038 |
|       -0.35480246 |  0.9891194 | 0.0068739356 |   1.039 |
|       -0.33352101 | 0.98765183 |  0.006915888 |   1.041 |
|       -0.31223339 | 0.98677711 | 0.0069221536 |   1.042 |
|       -0.29094817 | 0.98912013 |   0.00709294 |   1.044 |
|       -0.26966213 | 0.99366273 |  0.007140998 |   1.045 |
|       -0.24837996 | 0.99075689 |  0.006949148 |   1.047 |
|       -0.22709475 | 0.99088841 | 0.0070827176 |   1.049 |
|       -0.20581328 | 0.99191357 |   0.00700266 |    1.05 |
|       -0.18454986 | 0.99082515 | 0.0070292144 |   1.052 |
|       -0.16326788 | 0.99495392 | 0.0070024852 |   1.054 |
|       -0.14198078 |  0.9966705 | 0.0070274028 |   1.056 |
|        -0.1206947 | 0.99372125 | 0.0069587668 |   1.057 |
|      -0.099403773 |   0.993093 | 0.0069241528 |   1.059 |
|      -0.078121606 | 0.99295366 | 0.0069239092 |   1.061 |
|      -0.056835741 | 0.99385986 | 0.0069533044 |   1.063 |
|      -0.035551451 | 0.99512466 | 0.0069682896 |   1.065 |
|      -0.014262501 | 0.99867477 | 0.0069643268 |   1.067 |
|      0.0070317909 |  0.9933805 | 0.0069314624 |   1.069 |
|       0.028319634 | 0.99113705 | 0.0070783004 |   1.071 |
|       0.049611636 | 0.99653599 | 0.0070853844 |   1.073 |
|       0.070890438 | 0.99217386 | 0.0070765108 |   1.076 |
|       0.092175856 | 0.99033068 | 0.0070122248 |   1.078 |
|        0.11345667 | 0.99757198 | 0.0070428512 |    1.08 |
|        0.13474718 | 0.99260117 | 0.0069114004 |   1.082 |
|        0.15603294 |  1.0020113 |  0.006891914 |   1.085 |
|        0.17732018 |  1.0005574 | 0.0069112564 |   1.087 |
|         0.1986003 |   0.996708 | 0.0070253228 |   1.089 |
|        0.21991114 | 0.99392885 | 0.0068522312 |   1.092 |
|        0.24119604 |  1.0013813 | 0.0069274884 |   1.094 |
|        0.26248111 | 0.99979641 | 0.0069405516 |   1.097 |
|        0.28376437 |  1.0016873 | 0.0070500596 |     1.1 |
|        0.30505269 |  1.0007167 | 0.0070661688 |   1.102 |
|        0.32633759 | 0.99863354 | 0.0070138532 |   1.105 |
|        0.36890593 |  1.0009541 | 0.0069835212 |    1.11 |
|        0.39019101 | 0.99808046 | 0.0070229088 |   1.113 |
|         0.4114752 | 0.99883923 | 0.0073914912 |   1.116 |
|        0.43276212 | 0.99600293 | 0.0070291164 |   1.119 |
|        0.45407556 |  1.0007377 |  0.007089882 |   1.122 |
|        0.47536588 | 0.99779687 | 0.0070741916 |   1.125 |
|        0.49665185 |  1.0014888 | 0.0070211272 |   1.128 |
|        0.51793963 |   0.995343 |  0.006965154 |   1.131 |
|        0.53922379 |  1.0035399 |   0.00692997 |   1.134 |
|         0.5605109 | 0.99635587 | 0.0069048724 |   1.137 |
|        0.58182743 |  1.0002599 | 0.0070336824 |    1.14 |
|        0.60311656 |  1.0003048 | 0.0072246728 |   1.144 |
|        0.62439974 |  1.0090625 | 0.0071567012 |   1.147 |
|        0.64568509 | 0.99972442 | 0.0071605128 |    1.15 |
|        0.66694215 |  1.0057364 | 0.0070989404 |   1.154 |
|         0.6882301 | 0.99934508 | 0.0071257684 |   1.157 |
|         0.7095185 |  1.0018812 | 0.0071845972 |   1.161 |
|        0.73080416 | 0.99511729 | 0.0070598784 |   1.165 |
|        0.75209593 | 0.99664911 | 0.0070005228 |   1.168 |
|        0.77338417 |  1.0030799 | 0.0070485184 |   1.172 |
|        0.79466857 | 0.99641949 |  0.006883292 |   1.176 |
|        0.81595929 | 0.99715969 | 0.0069667308 |    1.18 |
|        0.83724816 | 0.99919309 | 0.0070403036 |   1.183 |
|        0.85853855 |    1.00438 | 0.0070875204 |   1.187 |
|        0.87982589 |  1.0015302 | 0.0072545156 |   1.191 |
|        0.90109129 | 0.99735027 | 0.0071933164 |   1.195 |
|        0.92238396 |  1.0047772 |  0.007600404 |     1.2 |
|         0.9436731 | 0.99433386 | 0.0071579752 |   1.204 |
|         0.9649592 |  1.0005856 | 0.0070709408 |   1.208 |
|        0.98624663 |  1.0010496 |  0.007129448 |   1.212 |
|         1.0075327 | 0.99221218 |   0.00707744 |   1.217 |
|         1.0288198 | 0.99395133 |  0.007086136 |   1.221 |
|         1.0501104 | 0.99643305 |  0.007138042 |   1.226 |
|         1.0713952 | 0.99821088 | 0.0071543556 |    1.23 |
|         1.0926827 |  1.0033615 | 0.0071453744 |   1.235 |
|         1.1139714 |  0.9980446 | 0.0071128972 |    1.24 |
|         1.1352604 | 0.99846954 | 0.0071494316 |   1.244 |
|         1.1565445 | 0.99166447 | 0.0070504196 |   1.249 |
|         1.1778304 | 0.99186479 | 0.0070834804 |   1.254 |
|         1.1991148 |  0.9950118 | 0.0071639984 |   1.259 |
|         1.2204035 |  1.0015877 | 0.0072205552 |   1.264 |
|         1.2416932 | 0.99155498 | 0.0072484556 |    1.27 |
|         1.2629996 |  0.9945815 | 0.0076361156 |   1.275 |
|         1.2842866 | 0.99899805 | 0.0077815844 |    1.28 |
|         1.3055758 |  1.0000886 | 0.0080414872 |   1.285 |
|         1.3268633 |  0.9969804 | 0.0075482412 |   1.291 |
|         1.3481439 | 0.99989069 |  0.007460612 |   1.297 |
|         1.3694396 | 0.99608202 | 0.0073133508 |   1.302 |
|         1.3907259 |  0.9948265 | 0.0078334904 |   1.308 |
|         1.4120099 | 0.99488402 | 0.0076648284 |   1.314 |
|         1.4332928 | 0.99518309 | 0.0078471516 |    1.32 |
|         1.4545817 | 0.99719619 | 0.0078466252 |   1.326 |
|         1.4758677 | 0.99028327 | 0.0075427344 |   1.332 |
|         1.4971568 | 0.99438391 | 0.0075086124 |   1.338 |
|         1.5184443 | 0.99694836 | 0.0074212244 |   1.344 |
|         1.5397365 |  1.0167417 | 0.0116376948 |   1.351 |
|         1.5610209 | 0.99456876 | 0.0072571216 |   1.357 |
|         1.5823297 | 0.98879431 |  0.007515538 |   1.364 |
|         1.6036168 |  1.0014261 | 0.0073767736 |    1.37 |
|         1.6248999 | 0.99774326 | 0.0072857272 |   1.377 |
|          1.646187 | 0.99704529 | 0.0073596332 |   1.384 |
|         1.6674712 | 0.99769457 | 0.0072588148 |   1.391 |
|         1.6887611 | 0.99666267 | 0.0073300432 |   1.398 |
|         1.7100477 |  1.0007934 | 0.0073535768 |   1.405 |
|         1.7313302 |  1.0010981 |   0.00740033 |   1.413 |
|         1.7526195 | 0.99765352 | 0.0074000776 |    1.42 |
|         1.7739096 |  0.9966371 | 0.0073790248 |   1.428 |
|          1.795194 |  1.0013871 | 0.0074810764 |   1.435 |
|         1.8164771 | 0.99288986 | 0.0074546208 |   1.443 |
|         1.8377657 |  1.0007956 | 0.0074856232 |   1.451 |
|         1.8590505 |  1.0055332 | 0.0074176608 |   1.459 |
|         1.8803402 | 0.99837616 | 0.0073103892 |   1.467 |
|         1.9016242 |  1.0018576 |  0.007473424 |   1.476 |
|         1.9229171 |  1.0031906 | 0.0074915084 |   1.484 |
|         1.9442026 | 0.99984892 | 0.0072850872 |   1.493 |
|         1.9654895 | 0.99293736 | 0.0073105956 |   1.502 |
|         1.9867744 | 0.99413791 | 0.0074246024 |   1.511 |
|         2.0080604 | 0.99342337 | 0.0072992916 |    1.52 |
|         2.0293426 |  1.0027862 |  0.007359236 |   1.529 |
|         2.0506265 |  1.0033613 | 0.0074041228 |   1.538 |
|         2.0719079 |  1.0004321 |  0.007512858 |   1.548 |
|         2.0931978 | 0.99990234 | 0.0077996232 |   1.557 |
|         2.1144856 |  1.0069491 | 0.0078356812 |   1.567 |
|         2.1357764 |  1.0028903 | 0.0077963184 |   1.577 |
|         2.1570659 |  1.0059924 | 0.0079894936 |   1.587 |
|         2.1783537 |  0.9995595 |  0.007686166 |   1.597 |
|         2.1996406 | 0.99785175 | 0.0076734688 |   1.608 |
|         2.2209243 |   1.000047 | 0.0078344772 |   1.619 |
|          2.242208 | 0.99520894 | 0.0078057508 |    1.63 |
|         2.2634933 |  1.0011808 | 0.0077685412 |   1.641 |
|         2.2847803 |  1.0081083 | 0.0078055396 |   1.652 |
|          2.306065 | 0.99904328 | 0.0078847844 |   1.663 |
|         2.3273491 |  1.0000655 | 0.0079175428 |   1.675 |
|         2.3486363 | 0.99773398 |  0.007843472 |   1.687 |
|         2.3699216 | 0.99994676 | 0.0079974844 |   1.699 |
|           2.39121 |  1.0052289 | 0.0080897004 |   1.711 |
|         2.4124989 |   1.002476 | 0.0080226436 |   1.724 |
|         2.4337846 |  1.0014093 | 0.0081450776 |   1.737 |
|          2.455072 | 0.99927272 | 0.0082387464 |    1.75 |
|         2.4763804 | 0.99969475 | 0.0084785144 |   1.763 |
|         2.4976665 |  1.0041203 | 0.0091146096 |   1.776 |
|         2.5189524 | 0.99868196 | 0.0092853968 |    1.79 |
|         2.5402373 |  1.0017809 | 0.0091766056 |   1.804 |
|         2.5615239 |  1.0114977 | 0.0090382136 |   1.818 |
|         2.5828096 |  1.0121361 | 0.0089825332 |   1.833 |
|          2.625359 | 0.99744274 | 0.0088068096 |   1.863 |
|         2.6466481 | 0.99184786 | 0.0095497104 |   1.878 |
|         2.6679351 | 0.99543601 | 0.0091382516 |   1.894 |
|         2.6893067 |  1.0044953 | 0.0091296344 |    1.91 |
|         2.7106012 |  1.0023622 | 0.0092742464 |   1.927 |
|         2.7318859 | 0.99369759 | 0.0092926032 |   1.943 |
|         2.7531718 | 0.99661944 | 0.0095741784 |    1.96 |
|         2.7744564 | 0.99854999 | 0.0095927408 |   1.978 |
|         2.7957372 |  1.0098236 | 0.0096018632 |   1.996 |
|         2.8170511 | 0.99647756 | 0.0098293112 |   2.014 |
|         2.8383384 |  1.0031164 | 0.0097744716 |   2.032 |
|         2.8596192 |  1.0039212 | 0.0097158424 |   2.051 |
|         2.8809043 |  1.0081979 |  0.009725554 |    2.07 |
|         2.9021905 | 0.99973688 | 0.0094592252 |    2.09 |
|         2.9234769 |  1.0027915 | 0.0097272368 |    2.11 |
|         2.9447625 | 0.99768511 | 0.0093453312 |   2.131 |
|         2.9660517 | 0.99821097 | 0.0093684888 |   2.152 |
