| JD - 2457388(hr) |       Flux |     Flux Err | Airmass |
|       -2.4139274 | 0.98943882 |  0.012025284 |    1.59 |
|       -2.3967685 | 0.99989216 |  0.012229974 |   1.582 |
|       -2.3796119 | 0.99741706 | 0.0119644672 |   1.575 |
|       -2.3624283 |   1.000834 | 0.0122370428 |   1.568 |
|       -2.3452542 | 0.98789755 | 0.0117149504 |   1.561 |
|       -2.3280954 |  0.9888842 | 0.0115317144 |   1.555 |
|       -2.3108841 | 0.99922567 | 0.0118254272 |   1.548 |
|       -2.2937279 |  1.0042581 | 0.0122442964 |   1.541 |
|       -2.2765756 | 0.99514515 | 0.0116558204 |   1.535 |
|       -2.2594209 | 0.99990952 | 0.0122145368 |   1.528 |
|       -2.2422617 |  0.9887543 | 0.0112828872 |   1.522 |
|       -2.2251076 |  1.0020458 | 0.0113876444 |   1.516 |
|        -2.207954 | 0.99110882 | 0.0114056524 |    1.51 |
|       -2.1907916 |  1.0033138 | 0.0112599748 |   1.503 |
|       -2.1736349 | 0.99333654 | 0.0112702432 |   1.497 |
|       -2.1564684 |  1.0067664 | 0.0114250888 |   1.492 |
|       -2.1393057 | 0.99696533 | 0.0113322756 |   1.486 |
|       -2.1221514 |  1.0075242 | 0.0113089216 |    1.48 |
|       -2.1049994 |  1.0026374 |  0.011254752 |   1.474 |
|       -2.0878427 |  1.0100133 | 0.0114084288 |   1.469 |
|       -2.0706809 |  0.9909302 | 0.0111879568 |   1.463 |
|       -2.0535003 | 0.98964653 | 0.0112020772 |   1.457 |
|       -2.0363209 |  1.0137036 | 0.0112888972 |   1.452 |
|       -2.0191896 |    1.00543 |  0.011293124 |   1.447 |
|       -2.0020402 |  1.0022301 | 0.0116684104 |   1.441 |
|       -1.9848875 |  1.0024282 | 0.0113918056 |   1.436 |
|       -1.9677348 | 0.99830208 | 0.0114049384 |   1.431 |
|       -1.9505772 | 0.99718252 | 0.0114016472 |   1.426 |
|       -1.9334253 |  0.9975306 | 0.0112484812 |   1.421 |
|       -1.9162731 |  1.0014297 | 0.0116596696 |   1.416 |
|       -1.8991183 | 0.99418441 |   0.01147184 |   1.411 |
|       -1.8819675 | 0.99723258 | 0.0115357828 |   1.406 |
|       -1.8648166 |  1.0058871 | 0.0118682332 |   1.402 |
|        -1.847663 |        1.0 | 0.0116905224 |   1.397 |
|       -1.8305127 |  1.0082482 |  0.011791472 |   1.392 |
|       -1.8133558 | 0.99294158 | 0.0125786296 |   1.388 |
|       -1.7961718 |  1.0025028 | 0.0116246912 |   1.383 |
|       -1.7789818 | 0.99032208 | 0.0113331508 |   1.379 |
|       -1.7618224 |  1.0010501 | 0.0115424544 |   1.375 |
|       -1.7446703 | 0.99383121 | 0.0113023324 |    1.37 |
|       -1.7275163 | 0.99968839 |  0.011397128 |   1.366 |
|        -1.710335 | 0.99100089 | 0.0110957096 |   1.362 |
|       -1.6931812 |  1.0019341 | 0.0114916352 |   1.358 |
|       -1.6760198 | 0.99876698 | 0.0113251348 |   1.353 |
|       -1.6588624 |  0.9998956 | 0.0115559972 |   1.349 |
|        -1.641703 | 0.99967003 | 0.0115577636 |   1.345 |
|       -1.6245494 | 0.99579059 | 0.0111872924 |   1.341 |
|       -1.6073352 |   1.002188 | 0.0113980188 |   1.338 |
|       -1.5901794 | 0.99709262 |  0.011047052 |   1.334 |
|       -1.5730222 | 0.99691133 | 0.0111494616 |    1.33 |
|         -1.55587 | 0.99859516 | 0.0112232196 |   1.326 |
|       -1.5387079 | 0.98631451 | 0.0109626228 |   1.322 |
|       -1.5215525 |  0.9968034 | 0.0112180716 |   1.319 |
|       -1.5043944 | 0.99944026 | 0.0112914196 |   1.315 |
|       -1.4700676 | 0.99898173 | 0.0115015956 |   1.308 |
|       -1.4528847 |  1.0057868 | 0.0111816948 |   1.305 |
|       -1.4357223 |  1.0015615 | 0.0113073732 |   1.301 |
|       -1.4185246 | 0.99658009 | 0.0111558412 |   1.298 |
|       -1.4013444 | 0.99905712 | 0.0111166516 |   1.295 |
|       -1.3841855 |  1.0030452 | 0.0113617616 |   1.291 |
|       -1.3669997 |  1.0043924 | 0.0110968052 |   1.288 |
|       -1.3498463 |  1.0006158 | 0.0108584972 |   1.285 |
|       -1.3326628 |  1.0041631 | 0.0115796972 |   1.282 |
|       -1.3154663 |  1.0040624 |   0.01096388 |   1.279 |
|       -1.2982878 |   1.002901 | 0.0110492324 |   1.276 |
|       -1.2811327 |  1.0053018 | 0.0111317704 |   1.273 |
|       -1.2639686 |   1.000135 | 0.0107884688 |    1.27 |
|       -1.2468145 |  1.0028557 | 0.0108656876 |   1.267 |
|       -1.2296646 | 0.99718092 |  0.011101712 |   1.264 |
|       -1.2125125 | 0.99658622 | 0.0107090072 |   1.261 |
|       -1.1953755 |  1.0066827 | 0.0109678684 |   1.258 |
|       -1.1782241 |  1.0010827 | 0.0109236696 |   1.255 |
|       -1.1610706 | 0.99865193 | 0.0108012356 |   1.253 |
|       -1.1439169 | 0.99218125 | 0.0108382728 |    1.25 |
|       -1.1267321 |  1.0018644 | 0.0109059228 |   1.247 |
|       -1.1095584 |  1.0021573 | 0.0110375592 |   1.245 |
|       -1.0924102 |  1.0020743 | 0.0110908016 |   1.242 |
|       -1.0752579 | 0.99763023 | 0.0108241528 |    1.24 |
|       -1.0580962 |  1.0017461 | 0.0109880096 |   1.237 |
|       -1.0409426 |  0.9933669 | 0.0105918404 |   1.235 |
|       -1.0237881 |     1.0059 | 0.0109657012 |   1.232 |
|       -1.0066325 | 0.99923364 | 0.0106844112 |    1.23 |
|      -0.98947485 |  1.0079256 | 0.0110744796 |   1.227 |
|      -0.97231195 | 0.99102488 | 0.0107512032 |   1.225 |
|      -0.95515907 |  1.0072506 |  0.011191806 |   1.223 |
|      -0.93798331 | 0.99894903 | 0.0109201052 |    1.22 |
|      -0.92082277 |  0.9977384 | 0.0107804504 |   1.218 |
|      -0.90363025 | 0.99917251 | 0.0108678888 |   1.216 |
|      -0.88647098 |  1.0055755 | 0.0111388472 |   1.214 |
|      -0.86930338 | 0.99484369 |  0.011167188 |   1.212 |
|      -0.85214707 |  1.0011765 | 0.0113363704 |    1.21 |
|      -0.83499177 | 0.99688994 |  0.011154092 |   1.208 |
|      -0.81781283 |  1.0010554 |  0.011176176 |   1.206 |
|      -0.80065585 |   1.003571 | 0.0110513944 |   1.204 |
|      -0.78350712 |  1.0033909 |  0.011354448 |   1.202 |
|      -0.76631989 |  1.0036517 | 0.0115478724 |     1.2 |
|      -0.74916646 |   1.005301 |   0.01096332 |   1.198 |
|      -0.73201772 |  1.0021003 |  0.011080026 |   1.196 |
|      -0.71485827 | 0.99390458 | 0.0107260448 |   1.194 |
|      -0.69768679 |  1.0045353 | 0.0110821748 |   1.192 |
|      -0.68053768 |  1.0006649 | 0.0110680176 |   1.191 |
|      -0.66338503 | 0.99980252 | 0.0109729188 |   1.189 |
|      -0.64623282 | 0.99616266 | 0.0111004828 |   1.187 |
|      -0.62907667 |   1.001513 |  0.011345968 |   1.185 |
|      -0.61190716 |  1.0057312 | 0.0114278652 |   1.184 |
|      -0.59474967 | 0.99873017 | 0.0109914816 |   1.182 |
|       -0.5775946 | 0.99846392 |  0.010896866 |   1.181 |
|      -0.56041372 | 0.99796926 | 0.0108603896 |   1.179 |
|      -0.54326313 | 0.99637834 | 0.0108867924 |   1.178 |
|      -0.52607189 |  1.0009661 | 0.0108358604 |   1.176 |
|      -0.50891352 | 0.99628769 | 0.0106523564 |   1.175 |
|      -0.49168405 |  1.0033364 |  0.010806548 |   1.173 |
|      -0.47451943 |  1.0020018 | 0.0111379888 |   1.172 |
|      -0.45732503 | 0.99483262 | 0.0109290816 |    1.17 |
|      -0.44017357 |  1.0062475 | 0.0109545544 |   1.169 |
|      -0.42301279 | 0.99397192 | 0.0108299388 |   1.168 |
|      -0.40583064 | 0.99991975 |  0.010893032 |   1.166 |
|        -0.388651 | 0.99831994 | 0.0108483964 |   1.165 |
|        -0.371495 |  1.0016526 |   0.01095559 |   1.164 |
|      -0.35434107 |  1.0014053 | 0.0107772108 |   1.163 |
|      -0.33717167 |  1.0084244 |   0.01079078 |   1.161 |
|      -0.32001138 | 0.99778452 | 0.0107280036 |    1.16 |
|       -0.3028569 |  1.0044087 | 0.0109179072 |   1.159 |
|      -0.28569942 |  1.0103934 | 0.0112317612 |   1.158 |
|      -0.26853983 | 0.99604409 | 0.0109130056 |   1.157 |
|      -0.25137686 | 0.99436881 | 0.0108102888 |   1.156 |
|      -0.23421697 | 0.99966172 | 0.0107750084 |   1.155 |
|      -0.21703383 | 0.99125808 | 0.0106352228 |   1.154 |
|      -0.19983917 | 0.99758645 | 0.0109469232 |   1.153 |
|      -0.18265923 | 0.99011462 | 0.0107961644 |   1.152 |
|      -0.16550921 |   1.004726 | 0.0108092308 |   1.151 |
|      -0.13120325 | 0.99954835 | 0.0107694672 |   1.149 |
|      -0.11404668 |  1.0026716 | 0.0107041808 |   1.148 |
|     -0.096892018 |  1.0065564 | 0.0107918576 |   1.147 |
|     -0.079706144 |   1.000134 | 0.0109575116 |   1.147 |
|     -0.062549081 |  1.0029501 | 0.0108397276 |   1.146 |
|     -0.045385737 |  1.0020116 | 0.0110119388 |   1.145 |
|     -0.028229568 |  1.0023736 | 0.0112839312 |   1.144 |
|     -0.011077188 |  1.0045545 | 0.0111777644 |   1.144 |
|      0.006082993 |  1.0024942 | 0.0111821772 |   1.143 |
|      0.023241006 | 0.99831692 | 0.0109833072 |   1.142 |
|      0.040394884 | 0.99860489 | 0.0111786944 |   1.142 |
|      0.057586715 |  1.0045124 | 0.0111318648 |   1.141 |
|      0.074738078 |  0.9999408 |  0.011072146 |   1.141 |
|      0.091926958 | 0.99261613 | 0.0108074608 |    1.14 |
|       0.10908441 | 0.99713464 |  0.010785706 |    1.14 |
|       0.12624985 | 0.99755668 | 0.0108479736 |   1.139 |
|       0.14343952 | 0.99821646 | 0.0107215372 |   1.139 |
|        0.1605991 | 0.99812556 | 0.0107238832 |   1.138 |
|        0.1778141 |  1.0004518 | 0.0105232508 |   1.138 |
|       0.19497075 | 0.99193111 | 0.0105145932 |   1.137 |
|       0.21213238 | 0.99995329 | 0.0105830728 |   1.137 |
|       0.22931802 | 0.99521475 |  0.010628082 |   1.137 |
|       0.24653504 |  1.0022795 | 0.0106637824 |   1.136 |
|        0.2637868 |  0.9995247 | 0.0110694088 |   1.136 |
|       0.28097971 | 0.99019344 | 0.0105123644 |   1.136 |
|       0.29821431 | 0.99927599 | 0.0107942848 |   1.136 |
|       0.31541125 |  1.0020116 | 0.0107119932 |   1.135 |
|       0.33270907 |  1.0068058 | 0.0107554752 |   1.135 |
|       0.35002717 | 0.99404865 |   0.01060582 |   1.135 |
|       0.36729911 |  1.0002965 | 0.0105566344 |   1.135 |
|        0.3844354 | 0.99834896 | 0.0108790148 |   1.135 |
|       0.40167135 |   0.985391 | 0.0105873012 |   1.135 |
|       0.41898493 |  1.0014258 | 0.0108131936 |   1.134 |
|       0.45350696 | 0.99611746 | 0.0105524568 |   1.134 |
|       0.47090033 |  1.0014966 | 0.0106788872 |   1.134 |
|         0.488357 | 0.99769639 | 0.0106304568 |   1.134 |
|       0.50571612 | 0.99163468 | 0.0106478584 |   1.134 |
|       0.52294159 |  1.0016471 | 0.0107050764 |   1.134 |
|       0.54011025 |  1.0013374 | 0.0107148336 |   1.135 |
|       0.55726436 | 0.99858845 |  0.010792204 |   1.135 |
|       0.57441739 | 0.99626899 |  0.010610138 |   1.135 |
|       0.59157442 |  1.0048206 | 0.0109090892 |   1.135 |
|       0.60873171 |  1.0058771 |  0.010903478 |   1.135 |
|       0.62589252 | 0.99278049 | 0.0105389736 |   1.135 |
|       0.64305001 |  1.0053859 | 0.0109160556 |   1.136 |
|       0.66020143 |  1.0053516 | 0.0107453916 |   1.136 |
|       0.67735273 |  1.0036412 | 0.0107521588 |   1.136 |
|       0.69450846 | 0.99641691 | 0.0107353132 |   1.137 |
|       0.71166889 | 0.98997533 | 0.0104592952 |   1.137 |
|       0.72882775 |  0.9996852 |  0.010986628 |   1.137 |
|       0.74599063 | 0.99640601 | 0.0104825784 |   1.138 |
|         0.763177 | 0.99192935 | 0.0104531088 |   1.138 |
|       0.78036917 |  0.9989367 |  0.010864642 |   1.138 |
|       0.79755127 |  1.0009393 | 0.0107264608 |   1.139 |
|       0.81470158 | 0.98614202 | 0.0104287612 |   1.139 |
|       0.83185868 | 0.99599134 | 0.0107181932 |    1.14 |
|       0.84901674 |  1.0024655 | 0.0107283784 |    1.14 |
|       0.86617046 | 0.99305814 | 0.0106562136 |   1.141 |
|       0.88332214 | 0.99426357 | 0.0106267088 |   1.142 |
|        0.9004827 |  1.0014175 | 0.0106068272 |   1.142 |
|       0.91763412 | 0.99067126 | 0.0107443648 |   1.143 |
|       0.93478792 | 0.99617348 | 0.0106096408 |   1.144 |
|       0.95194602 | 0.99335474 | 0.0106424516 |   1.144 |
|       0.96910892 | 0.99587235 |  0.010641028 |   1.145 |
|       0.98628861 | 0.99442952 |  0.010667052 |   1.146 |
|        1.0035013 | 0.98976762 | 0.0108487416 |   1.146 |
|        1.0206516 |  0.9911489 |  0.010634334 |   1.147 |
|        1.0378065 | 0.99916253 |  0.010677574 |   1.148 |
|        1.0549635 | 0.99469048 | 0.0107695028 |   1.149 |
|        1.0721177 |  1.0011892 | 0.0108759568 |    1.15 |
|          1.08931 |  1.0013167 | 0.0107495272 |   1.151 |
|        1.1064706 | 0.99561952 | 0.0108624188 |   1.152 |
|        1.1236278 | 0.99849092 | 0.0107760316 |   1.152 |
|        1.1408128 | 0.99721782 |     0.010682 |   1.153 |
|        1.1579989 |  1.0090132 | 0.0109668248 |   1.154 |
|        1.1751856 | 0.99618253 | 0.0106713204 |   1.155 |
|        1.1923734 | 0.99949569 | 0.0108230788 |   1.156 |
|        1.2095557 | 0.99902777 |  0.010742148 |   1.158 |
|        1.2267322 | 0.99972059 | 0.0107631388 |   1.159 |
|        1.2438903 |  0.9979758 | 0.0107443556 |    1.16 |
|        1.2610724 |  1.0009755 | 0.0108263308 |   1.161 |
|        1.2782571 | 0.99947288 | 0.0108052156 |   1.162 |
|        1.2954189 |  1.0015149 | 0.0106406924 |   1.163 |
|         1.312611 | 0.99332354 | 0.0106075024 |   1.165 |
|        1.3297718 | 0.99580107 | 0.0106753408 |   1.166 |
|        1.3469247 |  1.0015228 | 0.0107636348 |   1.167 |
|        1.3640834 | 0.99379179 | 0.0105994372 |   1.168 |
|        1.3812403 | 0.99857964 | 0.0106856304 |    1.17 |
|        1.3984073 | 0.99927381 | 0.0108122728 |   1.171 |
|        1.4155817 |  1.0049385 |   0.01069969 |   1.173 |
|        1.4327269 |  1.0030463 |  0.010717918 |   1.174 |
|        1.4498929 |  1.0075789 |  0.011343468 |   1.175 |
|        1.4670406 |  1.0061079 | 0.0110380664 |   1.177 |
|          1.48422 | 0.99736096 | 0.0106621192 |   1.179 |
|        1.5013747 |  1.0035168 | 0.0106718812 |    1.18 |
|        1.5185259 | 0.99404387 | 0.0104951052 |   1.182 |
|         1.535713 |  1.0020743 |  0.010856706 |   1.183 |
|        1.5529072 |  1.0026054 |   0.01084709 |   1.185 |
|        1.5700583 | 0.99705707 | 0.0107644392 |   1.187 |
|        1.5872133 |   1.003216 |  0.010886174 |   1.188 |
|         1.604372 |  1.0060646 | 0.0110155092 |    1.19 |
|        1.6215549 |  1.0092483 | 0.0112229756 |   1.192 |
|        1.6387078 |  1.0024248 | 0.0108230528 |   1.194 |
|        1.6558656 | 0.99660215 | 0.0106908528 |   1.195 |
|        1.6730446 | 0.99692474 | 0.0107603532 |   1.197 |
|        1.6902109 |   1.014903 | 0.0110573784 |   1.199 |
|        1.7073672 |  1.0106082 | 0.0109293684 |   1.201 |
|        1.7245177 |  1.0071746 | 0.0108346132 |   1.203 |
|        1.7416723 |  1.0076736 | 0.0109362704 |   1.205 |
|        1.7588465 |  1.0084018 | 0.0108618452 |   1.207 |
|        1.7760022 |  1.0041295 | 0.0108893068 |   1.209 |
|        1.7931647 |  1.0021912 | 0.0108044924 |   1.211 |
|        1.8103677 |   0.999639 | 0.0109260452 |   1.213 |
|        1.8275192 |  1.0082679 | 0.0108955308 |   1.215 |
|        1.8446959 | 0.99784825 | 0.0107904676 |   1.218 |
|        1.8618395 |   1.007743 |  0.010994152 |    1.22 |
|        1.8790021 |  1.0041628 | 0.0108831692 |   1.222 |
|        1.8961957 |  1.0065003 |  0.011120522 |   1.224 |
|        1.9133663 |  1.0054923 | 0.0109892692 |   1.227 |
|        1.9305401 |  1.0084081 |  0.010998608 |   1.229 |
|        1.9476975 |  1.0098365 | 0.0110957032 |   1.231 |
|        1.9648636 |   1.001669 | 0.0109699328 |   1.234 |
|         1.982023 |  1.0034049 | 0.0110575396 |   1.236 |
|        1.9991862 |  1.0113753 | 0.0111473076 |   1.239 |
|        2.0163497 |  1.0139341 | 0.0112903436 |   1.241 |
|        2.0335066 |  1.0165709 | 0.0112855824 |   1.244 |
|        2.0506635 |  1.0102151 | 0.0109359652 |   1.246 |
|        2.0678104 |  1.0121669 | 0.0109988704 |   1.249 |
|        2.0849738 |  1.0126784 | 0.0111213028 |   1.252 |
|         2.102131 |  1.0065304 | 0.0110824316 |   1.254 |
|        2.1192868 |  1.0131746 |  0.010975192 |   1.257 |
|        2.1364658 |  1.0002408 | 0.0109634088 |    1.26 |
|        2.1536434 |  1.0057877 | 0.0109404168 |   1.263 |
|        2.1708035 |  1.0124397 | 0.0111100884 |   1.266 |
|        2.1879862 |   1.003868 | 0.0109798008 |   1.269 |
|        2.2051383 |  1.0143133 | 0.0108981216 |   1.272 |
|         2.222289 |  1.0091314 | 0.0110663968 |   1.275 |
|        2.2394492 |  1.0033263 | 0.0110858292 |   1.278 |
