| JD - 2457388(hr) |       Flux |     Flux Err | Airmass |
|       -2.4139274 | 0.99625885 | 0.0086153704 |    1.59 |
|       -2.3967685 | 0.98869986 | 0.0085543368 |   1.582 |
|       -2.3796119 | 0.99594234 |  0.008485444 |   1.575 |
|       -2.3624283 | 0.99848988 | 0.0086134992 |   1.568 |
|       -2.3452542 |  1.0015897 | 0.0085454964 |   1.561 |
|       -2.3280954 | 0.99127254 | 0.0082957084 |   1.555 |
|       -2.3108841 | 0.99216525 | 0.0084813508 |   1.548 |
|       -2.2937279 |  0.9970427 |  0.008559532 |   1.541 |
|       -2.2765756 | 0.99397866 | 0.0084151372 |   1.535 |
|       -2.2594209 |  1.0039591 | 0.0086277268 |   1.528 |
|       -2.2422617 | 0.99875825 | 0.0083171168 |   1.522 |
|       -2.2251076 | 0.99556715 | 0.0081639268 |   1.516 |
|        -2.207954 | 0.99401757 | 0.0082183004 |    1.51 |
|       -2.1907916 | 0.99149609 | 0.0080806132 |   1.503 |
|       -2.1736349 | 0.99098763 | 0.0081319144 |   1.497 |
|       -2.1564684 | 0.99443685 | 0.0081392144 |   1.492 |
|       -2.1393057 | 0.99909177 |  0.008231716 |   1.486 |
|       -2.1221514 | 0.98631367 | 0.0080644072 |    1.48 |
|       -2.1049994 |  1.0019864 | 0.0081205768 |   1.474 |
|       -2.0878427 | 0.99748933 |  0.008179388 |   1.469 |
|       -2.0706809 | 0.99369061 | 0.0081319852 |   1.463 |
|       -2.0535003 |  1.0044188 | 0.0081670688 |   1.457 |
|       -2.0363209 | 0.99126894 |  0.007996504 |   1.452 |
|       -2.0191896 | 0.98753297 | 0.0080672228 |   1.447 |
|       -2.0020402 |  1.0078668 | 0.0083936608 |   1.441 |
|       -1.9848875 |  1.0060516 |  0.008223386 |   1.436 |
|       -1.9677348 |  1.0004718 | 0.0081898384 |   1.431 |
|       -1.9505772 | 0.99614722 | 0.0081493164 |   1.426 |
|       -1.9334253 | 0.99546447 | 0.0081933748 |   1.421 |
|       -1.9162731 | 0.99577175 | 0.0083653916 |   1.416 |
|       -1.8991183 |  1.0005256 | 0.0083369764 |   1.411 |
|       -1.8819675 | 0.99169588 | 0.0082374436 |   1.406 |
|       -1.8648166 | 0.99600527 | 0.0083275992 |   1.402 |
|        -1.847663 |  1.0020219 | 0.0083728844 |   1.397 |
|       -1.8305127 | 0.99321469 | 0.0083297188 |   1.392 |
|       -1.8133558 | 0.99896341 | 0.0090270968 |   1.388 |
|       -1.7961718 |  1.0016649 | 0.0083109376 |   1.383 |
|       -1.7789818 | 0.99253407 | 0.0081927604 |   1.379 |
|       -1.7618224 | 0.99594363 | 0.0082395336 |   1.375 |
|       -1.7446703 | 0.99696664 |  0.008193236 |    1.37 |
|       -1.7275163 | 0.99741956 |  0.008157996 |   1.366 |
|        -1.710335 |  1.0011495 | 0.0081069348 |   1.362 |
|       -1.6931812 | 0.99674513 | 0.0081869132 |   1.358 |
|       -1.6760198 | 0.99622152 | 0.0081345092 |   1.353 |
|       -1.6588624 | 0.99358517 | 0.0082207176 |   1.349 |
|        -1.641703 | 0.99304696 | 0.0082086468 |   1.345 |
|       -1.6245494 | 0.99632844 | 0.0080508872 |   1.341 |
|       -1.6073352 | 0.99863201 | 0.0081079564 |   1.338 |
|       -1.5901794 | 0.99727429 | 0.0080082216 |   1.334 |
|       -1.5730222 |  1.0020461 | 0.0080543032 |    1.33 |
|         -1.55587 | 0.99646595 | 0.0080770236 |   1.326 |
|       -1.5387079 |  0.9954508 | 0.0079569312 |   1.322 |
|       -1.5215525 | 0.99663664 | 0.0079948208 |   1.319 |
|       -1.5043944 | 0.99759025 | 0.0080767824 |   1.315 |
|       -1.4872407 |  1.0017758 | 0.0080781592 |   1.312 |
|       -1.4700676 |  1.0016382 | 0.0081515752 |   1.308 |
|       -1.4528847 |  1.0012485 | 0.0079942196 |   1.305 |
|       -1.4357223 | 0.99649682 | 0.0080405616 |   1.301 |
|       -1.4185246 |  1.0014181 |  0.007998124 |   1.298 |
|       -1.4013444 |  1.0001503 | 0.0079928564 |   1.295 |
|       -1.3841855 |  0.9990962 | 0.0080750548 |   1.291 |
|       -1.3669997 | 0.99976222 | 0.0078952572 |   1.288 |
|       -1.3498463 | 0.99663387 | 0.0078222056 |   1.285 |
|       -1.3326628 | 0.99441633 | 0.0080979276 |   1.282 |
|       -1.3154663 | 0.99768053 | 0.0079119664 |   1.279 |
|       -1.2982878 | 0.99711441 |  0.007904052 |   1.276 |
|       -1.2811327 | 0.99863192 | 0.0078875652 |   1.273 |
|       -1.2639686 | 0.99748037 | 0.0078011476 |    1.27 |
|       -1.2468145 | 0.99331495 | 0.0078105912 |   1.267 |
|       -1.2296646 |  1.0015695 | 0.0080083284 |   1.264 |
|       -1.2125125 |  1.0018555 | 0.0078103456 |   1.261 |
|       -1.1953755 |  1.0008491 |  0.007897176 |   1.258 |
|       -1.1782241 | 0.99778302 | 0.0078737168 |   1.255 |
|       -1.1610706 |  1.0045203 |  0.007937058 |   1.253 |
|       -1.1439169 | 0.99684392 | 0.0079844028 |    1.25 |
|       -1.1267321 |  1.0037337 | 0.0079054396 |   1.247 |
|       -1.1095584 | 0.99891286 | 0.0080069724 |   1.245 |
|       -1.0924102 |  1.0000095 | 0.0079523428 |   1.242 |
|       -1.0752579 |  1.0044958 | 0.0079445772 |    1.24 |
|       -1.0580962 |  1.0012288 | 0.0079579932 |   1.237 |
|       -1.0409426 | 0.99785205 | 0.0078326756 |   1.235 |
|       -1.0237881 |  1.0031252 | 0.0079295364 |   1.232 |
|       -1.0066325 | 0.99508891 | 0.0078450172 |    1.23 |
|      -0.98947485 | 0.99956141 | 0.0079526156 |   1.227 |
|      -0.97231195 |  0.9963703 | 0.0078623872 |   1.225 |
|      -0.95515907 |  1.0018562 | 0.0079643464 |   1.223 |
|      -0.93798331 |  1.0004902 | 0.0079353504 |    1.22 |
|      -0.92082277 | 0.99429148 |  0.007873392 |   1.218 |
|      -0.90363025 | 0.99731855 |  0.007871834 |   1.216 |
|      -0.88647098 | 0.99850911 | 0.0079735784 |   1.214 |
|      -0.86930338 |  1.0128749 | 0.0081598024 |   1.212 |
|      -0.85214707 | 0.99661169 | 0.0080274984 |    1.21 |
|      -0.83499177 |  1.0039544 |  0.008088002 |   1.208 |
|      -0.81781283 |  1.0013122 | 0.0079966736 |   1.206 |
|      -0.80065585 |  1.0057638 | 0.0079466804 |   1.204 |
|      -0.78350712 |  1.0028938 | 0.0081785348 |   1.202 |
|      -0.76631989 |  1.0006191 | 0.0082914776 |     1.2 |
|      -0.73201772 |  1.0001233 | 0.0078991556 |   1.196 |
|      -0.71485827 |  1.0067352 | 0.0079717604 |   1.194 |
|      -0.69768679 |  1.0010849 |  0.007947224 |   1.192 |
|      -0.68053768 |  1.0086265 | 0.0080604672 |   1.191 |
|      -0.66338503 |  1.0044975 | 0.0080509284 |   1.189 |
|      -0.64623282 |  1.0073044 |  0.008101796 |   1.187 |
|      -0.62907667 |  1.0014402 |   0.00817259 |   1.185 |
|      -0.61190716 |  1.0005285 |   0.00820062 |   1.184 |
|      -0.59474967 |  1.0043257 | 0.0079907144 |   1.182 |
|       -0.5775946 |  1.0102719 | 0.0080530076 |   1.181 |
|      -0.56041372 |  1.0005673 | 0.0080486664 |   1.179 |
|      -0.54326313 |  1.0052671 | 0.0079954268 |   1.178 |
|      -0.52607189 |   1.003971 | 0.0079346436 |   1.176 |
|      -0.50891352 |  1.0023702 | 0.0078488036 |   1.175 |
|      -0.49168405 | 0.99593633 | 0.0078516072 |   1.173 |
|      -0.47451943 |  1.0043053 | 0.0080564624 |   1.172 |
|      -0.45732503 | 0.99942048 |   0.00798046 |    1.17 |
|      -0.44017357 |  1.0047873 |  0.007949418 |   1.169 |
|      -0.42301279 |  1.0011158 | 0.0079177572 |   1.168 |
|      -0.40583064 |  1.0024515 | 0.0079422208 |   1.166 |
|        -0.388651 |  1.0064088 | 0.0078930804 |   1.165 |
|        -0.371495 |  1.0058006 |  0.007940636 |   1.164 |
|      -0.33717167 |  1.0012167 | 0.0079236012 |   1.161 |
|      -0.32001138 |  1.0012607 | 0.0078083336 |    1.16 |
|       -0.3028569 | 0.99907754 | 0.0079431904 |   1.159 |
|      -0.28569942 |  1.0036783 |  0.008004234 |   1.158 |
|      -0.26853983 |  1.0110861 | 0.0079838968 |   1.157 |
|      -0.25137686 |   1.001906 | 0.0079241556 |   1.156 |
|      -0.23421697 |   1.001995 | 0.0078834484 |   1.155 |
|      -0.21703383 |  1.0029999 | 0.0077822456 |   1.154 |
|      -0.19983917 |  1.0079717 | 0.0079859624 |   1.153 |
|      -0.18265923 | 0.99772471 |  0.007884678 |   1.152 |
|      -0.16550921 |  1.0055406 | 0.0078642224 |   1.151 |
|      -0.14835759 |   1.004903 | 0.0078523644 |    1.15 |
|      -0.13120325 |  1.0076245 | 0.0078520056 |   1.149 |
|      -0.11404668 |  0.9989489 | 0.0077709012 |   1.148 |
|     -0.096892018 |  1.0066087 |  0.007866188 |   1.147 |
|     -0.079706144 | 0.99976342 |  0.007856536 |   1.147 |
|     -0.062549081 |   0.999637 | 0.0078270672 |   1.146 |
|     -0.045385737 |   1.008946 |  0.008001744 |   1.145 |
|     -0.028229568 |  1.0066947 | 0.0081215688 |   1.144 |
|     -0.011077188 |  1.0057617 |  0.008027972 |   1.144 |
|      0.006082993 |  1.0037989 | 0.0079929324 |   1.143 |
|      0.023241006 | 0.99552223 | 0.0079278476 |   1.142 |
|      0.040394884 |  1.0087822 | 0.0080724824 |   1.142 |
|      0.057586715 |   1.001188 | 0.0079771656 |   1.141 |
|      0.074738078 | 0.99549211 |  0.007927244 |   1.141 |
|      0.091926958 |  1.0132246 | 0.0079992532 |    1.14 |
|       0.10908441 | 0.99925386 | 0.0078575612 |    1.14 |
|       0.12624985 |  1.0000915 | 0.0078735112 |   1.139 |
|       0.14343952 |  1.0031806 | 0.0078308304 |   1.139 |
|        0.1605991 |  1.0030487 | 0.0078432184 |   1.138 |
|        0.1778141 |  1.0020357 | 0.0077439472 |   1.138 |
|       0.19497075 |  1.0097272 | 0.0078230972 |   1.137 |
|       0.21213238 | 0.99991267 | 0.0078156716 |   1.137 |
|       0.22931802 |  1.0072047 | 0.0079024228 |   1.137 |
|       0.24653504 |  1.0014054 | 0.0078120604 |   1.136 |
|        0.2637868 |   1.007476 | 0.0080122464 |   1.136 |
|       0.28097971 |  1.0014089 | 0.0078170852 |   1.136 |
|       0.29821431 |  1.0003733 | 0.0078492544 |   1.136 |
|       0.31541125 | 0.99288727 | 0.0077768288 |   1.135 |
|       0.33270907 |  1.0025708 |   0.00785105 |   1.135 |
|       0.35002717 | 0.99587534 | 0.0078042704 |   1.135 |
|       0.36729911 | 0.99807116 |  0.007789518 |   1.135 |
|        0.3844354 |  1.0055204 | 0.0079194944 |   1.135 |
|       0.40167135 | 0.99906367 | 0.0079288128 |   1.135 |
|       0.41898493 |        1.0 | 0.0079501128 |   1.134 |
|       0.43629516 |  1.0011482 | 0.0079237908 |   1.134 |
|       0.45350696 | 0.99940754 | 0.0078191104 |   1.134 |
|       0.47090033 |  1.0032432 |  0.007822414 |   1.134 |
|         0.488357 | 0.99468211 | 0.0078948208 |   1.134 |
|       0.50571612 |  1.0028893 |  0.007910194 |   1.134 |
|       0.52294159 | 0.99692173 |   0.00784664 |   1.134 |
|       0.54011025 | 0.99957176 | 0.0079550048 |   1.135 |
|       0.55726436 |  1.0032097 | 0.0079667832 |   1.135 |
|       0.57441739 |  1.0003762 | 0.0078357344 |   1.135 |
|       0.59157442 |  1.0092505 |  0.008028628 |   1.135 |
|       0.60873171 |  1.0022766 | 0.0079795728 |   1.135 |
|       0.62589252 | 0.99579966 | 0.0078660396 |   1.135 |
|       0.64305001 |  1.0019866 |  0.008018774 |   1.136 |
|       0.66020143 |  1.0021588 | 0.0078549368 |   1.136 |
|       0.67735273 |  1.0029117 | 0.0078751572 |   1.136 |
|       0.69450846 |  1.0054229 | 0.0079173192 |   1.137 |
|       0.71166889 | 0.99910812 | 0.0078428316 |   1.137 |
|       0.72882775 |  1.0012265 | 0.0080215384 |   1.137 |
|       0.74599063 |  1.0001188 | 0.0078043452 |   1.138 |
|         0.763177 | 0.99962305 | 0.0077559152 |   1.138 |
|       0.78036917 |  1.0064618 | 0.0079444504 |   1.138 |
|       0.79755127 |   1.002356 | 0.0078703368 |   1.139 |
|       0.81470158 |   1.006317 | 0.0078649704 |   1.139 |
|       0.83185868 |  1.0065242 | 0.0079054176 |    1.14 |
|       0.84901674 |  1.0046258 | 0.0079012164 |    1.14 |
|       0.86617046 | 0.99940117 | 0.0078905252 |   1.141 |
|       0.88332214 |  1.0022181 | 0.0078768004 |   1.142 |
|        0.9004827 |  1.0022849 | 0.0078155864 |   1.142 |
|       0.91763412 |  1.0035925 |  0.007939958 |   1.143 |
|       0.93478792 |  1.0001653 |   0.00784475 |   1.144 |
|       0.95194602 | 0.99929905 | 0.0078825812 |   1.144 |
|       0.96910892 |  1.0027346 | 0.0078995428 |   1.145 |
|       0.98628861 |  1.0085985 |  0.007922406 |   1.146 |
|        1.0035013 | 0.99890999 | 0.0080160592 |   1.146 |
|        1.0206516 |  1.0003055 | 0.0079259156 |   1.147 |
|        1.0378065 | 0.99785279 |  0.007948074 |   1.148 |
|        1.0549635 | 0.99444766 |  0.007901744 |   1.149 |
|        1.0721177 |  1.0030265 | 0.0079901564 |    1.15 |
|          1.08931 |  0.9951865 | 0.0078820552 |   1.151 |
|        1.1064706 |  1.0013929 | 0.0080153728 |   1.152 |
|        1.1236278 |  0.9971073 | 0.0079203556 |   1.152 |
|        1.1408128 | 0.99713252 | 0.0079059408 |   1.153 |
|        1.1579989 | 0.99841253 | 0.0079674748 |   1.154 |
|        1.1751856 | 0.99788929 | 0.0079807172 |   1.155 |
|        1.1923734 |  1.0014462 |  0.007975674 |   1.156 |
|        1.2095557 |  1.0069517 | 0.0080219744 |   1.158 |
|        1.2267322 | 0.99298587 |  0.007908034 |   1.159 |
|        1.2438903 | 0.99393227 | 0.0079376088 |    1.16 |
|        1.2610724 | 0.99967461 |  0.008000306 |   1.161 |
|        1.2782571 | 0.99885454 | 0.0079833624 |   1.162 |
|        1.2954189 |  0.9986931 | 0.0078962844 |   1.163 |
|         1.312611 |   1.002133 | 0.0079262552 |   1.165 |
|        1.3297718 | 0.99907596 | 0.0078857168 |   1.166 |
|        1.3469247 |  1.0004489 | 0.0079317376 |   1.167 |
|        1.3640834 |  1.0061532 |  0.007987126 |   1.168 |
|        1.3812403 |  1.0014294 | 0.0079463388 |    1.17 |
|        1.3984073 | 0.99671177 | 0.0079670848 |   1.171 |
|        1.4155817 | 0.99363553 |  0.007898592 |   1.173 |
|        1.4327269 | 0.99280299 | 0.0078985888 |   1.174 |
|        1.4498929 |  1.0023858 | 0.0083183992 |   1.175 |
|        1.4670406 |  1.0001344 |  0.008057058 |   1.177 |
|          1.48422 | 0.99884466 | 0.0079657124 |   1.179 |
|        1.5013747 | 0.99811118 |  0.007907872 |    1.18 |
|        1.5185259 | 0.99545597 |  0.007847256 |   1.182 |
|         1.535713 | 0.99958599 | 0.0079368964 |   1.183 |
|        1.5529072 | 0.99579032 |   0.00798982 |   1.185 |
|        1.5700583 |  1.0008015 | 0.0079619756 |   1.187 |
|        1.5872133 |  1.0026636 | 0.0080147004 |   1.188 |
|         1.604372 | 0.99158203 | 0.0080060348 |    1.19 |
|        1.6215549 | 0.99861714 | 0.0080785468 |   1.192 |
|        1.6387078 | 0.99475151 | 0.0079209472 |   1.194 |
|        1.6558656 | 0.99828463 | 0.0079164028 |   1.195 |
|        1.6730446 | 0.99493846 | 0.0079154088 |   1.197 |
|        1.6902109 |  1.0005688 |  0.008002936 |   1.199 |
|        1.7073672 | 0.98758952 |  0.007948196 |   1.201 |
|        1.7245177 |  1.0035731 | 0.0080380096 |   1.203 |
|        1.7416723 | 0.99688541 | 0.0080470784 |   1.205 |
|        1.7588465 | 0.99350181 | 0.0079020604 |   1.207 |
|        1.7760022 | 0.99551271 |   0.00796528 |   1.209 |
|        1.7931647 |  1.0036545 | 0.0080530548 |   1.211 |
|        1.8103677 | 0.99158573 | 0.0080462228 |   1.213 |
|        1.8275192 | 0.99447372 | 0.0079840468 |   1.215 |
|        1.8446959 | 0.98993699 | 0.0079203928 |   1.218 |
|        1.8618395 | 0.99137336 |  0.008021158 |    1.22 |
|        1.8790021 | 0.99342289 | 0.0080097072 |   1.222 |
|        1.8961957 |   1.000429 | 0.0081184548 |   1.224 |
|        1.9133663 |  1.0025991 | 0.0080762844 |   1.227 |
|        1.9305401 |  1.0015544 |  0.008073078 |   1.229 |
|        1.9476975 |  1.0011478 | 0.0081455044 |   1.231 |
|        1.9648636 | 0.99785695 | 0.0080739704 |   1.234 |
|         1.982023 | 0.99571898 | 0.0081082972 |   1.236 |
|        1.9991862 | 0.99119769 | 0.0080490124 |   1.239 |
|        2.0163497 |  1.0015842 | 0.0082210408 |   1.241 |
|        2.0335066 |   1.009446 |  0.008199422 |   1.244 |
|        2.0506635 | 0.99468969 | 0.0079998012 |   1.246 |
|        2.0678104 | 0.98765024 | 0.0080035004 |   1.249 |
|        2.0849738 |  1.0044732 | 0.0080732348 |   1.252 |
|         2.102131 | 0.99791813 | 0.0080764792 |   1.254 |
|        2.1192868 | 0.99137207 | 0.0079342576 |   1.257 |
|        2.1364658 |  1.0009503 | 0.0080302936 |    1.26 |
|        2.1536434 |  1.0036336 | 0.0080193176 |   1.263 |
|        2.1708035 | 0.99845671 | 0.0079831328 |   1.266 |
|        2.1879862 | 0.99309353 | 0.0079320996 |   1.269 |
|        2.2051383 |  0.9873986 |  0.007853444 |   1.272 |
|         2.222289 | 0.99129222 | 0.0079427636 |   1.275 |
|        2.2394492 | 0.99584235 |  0.008009178 |   1.278 |
