| JD - 2457388(hr) |       Flux |     Flux Err | Airmass |
|       -2.4139274 |  1.0023822 | 0.0146387216 |    1.59 |
|       -2.3967685 | 0.99805556 | 0.0145750512 |   1.582 |
|       -2.3796119 | 0.98708259 | 0.0142022672 |   1.575 |
|       -2.3624283 | 0.99184228 |  0.014732428 |   1.568 |
|       -2.3452542 | 0.98522903 | 0.0140244316 |   1.561 |
|       -2.3280954 | 0.98989197 | 0.0136233828 |   1.555 |
|       -2.3108841 |  1.0002132 | 0.0143229736 |   1.548 |
|       -2.2937279 |  1.0031182 | 0.0147849028 |   1.541 |
|       -2.2765756 |  1.0042899 | 0.0143443228 |   1.535 |
|       -2.2594209 | 0.99387226 | 0.0145315312 |   1.528 |
|       -2.2422617 |  1.0043373 | 0.0138195848 |   1.522 |
|       -2.2251076 | 0.99754293 | 0.0134627272 |   1.516 |
|        -2.207954 | 0.98824621 | 0.0135463396 |    1.51 |
|       -2.1907916 | 0.99854071 | 0.0133965808 |   1.503 |
|       -2.1564684 | 0.99944602 | 0.0133467224 |   1.492 |
|       -2.1393057 | 0.99508399 | 0.0135712224 |   1.486 |
|       -2.1221514 |  1.0070231 | 0.0134567056 |    1.48 |
|       -2.1049994 | 0.99759824 | 0.0133287548 |   1.474 |
|       -2.0878427 |  1.0098797 | 0.0135949352 |   1.469 |
|       -2.0706809 | 0.99525988 | 0.0134107192 |   1.463 |
|       -2.0535003 | 0.99377347 | 0.0134217524 |   1.457 |
|       -2.0363209 |   1.006929 | 0.0131495716 |   1.452 |
|       -2.0191896 | 0.99750416 | 0.0132437628 |   1.447 |
|       -2.0020402 |  1.0084572 | 0.0141378616 |   1.441 |
|       -1.9848875 |  1.0002994 | 0.0135169192 |   1.436 |
|       -1.9677348 | 0.99513041 | 0.0135639028 |   1.431 |
|       -1.9505772 |  1.0020374 | 0.0135908376 |   1.426 |
|       -1.9334253 |  0.9929465 | 0.0133615364 |   1.421 |
|       -1.9162731 |  1.0152735 | 0.0142364144 |   1.416 |
|       -1.8991183 |  1.0095709 |  0.014027398 |   1.411 |
|       -1.8819675 |  1.0030552 | 0.0139073764 |   1.406 |
|       -1.8648166 | 0.99760117 | 0.0139738104 |   1.402 |
|        -1.847663 | 0.99986039 | 0.0139202616 |   1.397 |
|       -1.8305127 |   1.003348 | 0.0139973148 |   1.392 |
|       -1.8133558 | 0.99341049 |  0.015143022 |   1.388 |
|       -1.7961718 |  1.0027721 | 0.0137454204 |   1.383 |
|       -1.7789818 | 0.99066389 | 0.0134314852 |   1.379 |
|       -1.7618224 |    1.00304 | 0.0138484036 |   1.375 |
|       -1.7446703 | 0.99953841 | 0.0136275328 |    1.37 |
|       -1.7275163 | 0.99604256 | 0.0134660424 |   1.366 |
|        -1.710335 | 0.99232565 | 0.0130232852 |   1.362 |
|       -1.6931812 |  1.0102924 | 0.0139074348 |   1.358 |
|       -1.6760198 |  1.0004499 | 0.0133622296 |   1.353 |
|       -1.6588624 | 0.99672823 | 0.0137092544 |   1.349 |
|        -1.641703 |  1.0021744 | 0.0138998584 |   1.345 |
|       -1.6245494 |   1.009201 | 0.0135052008 |   1.341 |
|       -1.6073352 | 0.99827653 | 0.0136598668 |   1.338 |
|       -1.5901794 |  1.0031687 | 0.0133133548 |   1.334 |
|       -1.5730222 | 0.99560613 | 0.0131710504 |    1.33 |
|         -1.55587 |  1.0027992 | 0.0134366552 |   1.326 |
|       -1.5387079 | 0.99266844 | 0.0131281028 |   1.322 |
|       -1.5215525 | 0.99500645 | 0.0133717844 |   1.319 |
|       -1.5043944 |  1.0045728 | 0.0134422448 |   1.315 |
|       -1.4872407 | 0.99736855 | 0.0134405996 |   1.312 |
|       -1.4700676 |  1.0119679 |   0.01378758 |   1.308 |
|       -1.4528847 |  1.0015864 |  0.013221342 |   1.305 |
|       -1.4357223 |  1.0021997 | 0.0134163228 |   1.301 |
|       -1.4185246 | 0.99400395 |    0.0132657 |   1.298 |
|       -1.4013444 |  1.0048971 | 0.0132415844 |   1.295 |
|       -1.3841855 | 0.99517602 | 0.0136032852 |   1.291 |
|       -1.3669997 |  1.0069287 | 0.0131113256 |   1.288 |
|       -1.3498463 |   1.003244 |  0.012866902 |   1.285 |
|       -1.3326628 | 0.99486595 | 0.0138040068 |   1.282 |
|       -1.3154663 |  1.0104172 | 0.0132186552 |   1.279 |
|       -1.2982878 | 0.99779146 | 0.0130006272 |   1.276 |
|       -1.2811327 | 0.99496306 |  0.012975354 |   1.273 |
|       -1.2639686 | 0.99949511 | 0.0128016324 |    1.27 |
|       -1.2468145 |  1.0022882 | 0.0127527632 |   1.267 |
|       -1.2296646 |  1.0037759 | 0.0132531108 |   1.264 |
|       -1.2125125 |  1.0043159 | 0.0127467888 |   1.261 |
|       -1.1953755 |  1.0003495 |  0.012840512 |   1.258 |
|       -1.1782241 | 0.99518216 | 0.0127379996 |   1.255 |
|       -1.1610706 |  0.9978193 | 0.0126460372 |   1.253 |
|       -1.1267321 |   1.003917 | 0.0129328456 |   1.247 |
|       -1.1095584 |  1.0054585 | 0.0131553168 |   1.245 |
|       -1.0924102 |  1.0079502 | 0.0131376172 |   1.242 |
|       -1.0752579 |  1.0067055 |  0.012936462 |    1.24 |
|       -1.0580962 |  1.0022444 | 0.0129067416 |   1.237 |
|       -1.0409426 |  1.0066835 | 0.0125328832 |   1.235 |
|       -1.0237881 |   1.014035 | 0.0130431288 |   1.232 |
|       -1.0066325 |  1.0098286 | 0.0126919496 |    1.23 |
|      -0.98947485 |  1.0071374 | 0.0130732924 |   1.227 |
|      -0.95515907 |  1.0098436 | 0.0133257384 |   1.223 |
|      -0.93798331 |  1.0053849 | 0.0130611476 |    1.22 |
|      -0.92082277 |  1.0025324 | 0.0128093576 |   1.218 |
|      -0.90363025 | 0.99846015 | 0.0127568884 |   1.216 |
|      -0.88647098 | 0.99749233 |  0.012967304 |   1.214 |
|      -0.86930338 |  1.0049371 | 0.0134322064 |   1.212 |
|      -0.85214707 |  1.0002263 |  0.013412916 |    1.21 |
|      -0.83499177 |  1.0110665 | 0.0134183348 |   1.208 |
|      -0.81781283 |  1.0029929 |  0.013104358 |   1.206 |
|      -0.80065585 | 0.99998542 | 0.0129428188 |   1.204 |
|      -0.78350712 |  1.0090728 | 0.0135922436 |   1.202 |
|      -0.76631989 |  1.0094025 | 0.0142726692 |     1.2 |
|      -0.74916646 |  1.0048761 | 0.0129168772 |   1.198 |
|      -0.73201772 |  1.0055211 | 0.0128607052 |   1.196 |
|      -0.71485827 | 0.99769534 | 0.0127331284 |   1.194 |
|      -0.69768679 |  1.0011957 | 0.0129254664 |   1.192 |
|      -0.68053768 |  1.0025568 | 0.0130697176 |   1.191 |
|      -0.66338503 |  1.0050018 | 0.0131106976 |   1.189 |
|      -0.64623282 |  1.0013965 | 0.0132597324 |   1.187 |
|      -0.62907667 | 0.99938511 |  0.013229566 |   1.185 |
|      -0.61190716 |  1.0076507 |  0.013521878 |   1.184 |
|      -0.59474967 |  1.0065314 | 0.0130673404 |   1.182 |
|       -0.5775946 | 0.99635805 | 0.0127744436 |   1.181 |
|      -0.56041372 |  1.0027759 | 0.0128787104 |   1.179 |
|      -0.54326313 |  1.0074816 |  0.013005608 |   1.178 |
|      -0.52607189 |  1.0142164 | 0.0129819952 |   1.176 |
|      -0.50891352 |   1.000037 | 0.0125577604 |   1.175 |
|      -0.49168405 |  1.0064308 | 0.0126455132 |   1.173 |
|      -0.47451943 |  1.0054124 |  0.013124354 |   1.172 |
|      -0.45732503 |  1.0026872 | 0.0129967048 |    1.17 |
|      -0.44017357 |   1.006793 | 0.0128232236 |   1.169 |
|      -0.42301279 | 0.99721107 | 0.0128677788 |   1.168 |
|      -0.40583064 | 0.99783352 | 0.0128257692 |   1.166 |
|        -0.388651 |  1.0032109 | 0.0126155912 |   1.165 |
|        -0.371495 |  1.0026578 | 0.0126979936 |   1.164 |
|      -0.35434107 |  1.0030204 | 0.0127359212 |   1.163 |
|      -0.33717167 |  1.0168897 | 0.0128143552 |   1.161 |
|      -0.32001138 |  1.0021838 | 0.0126430136 |    1.16 |
|       -0.3028569 |  1.0055849 | 0.0129138748 |   1.159 |
|      -0.28569942 |  1.0131044 |  0.013245904 |   1.158 |
|      -0.26853983 |  1.0032746 | 0.0130062432 |   1.157 |
|      -0.25137686 |  1.0014984 | 0.0127363116 |   1.156 |
|      -0.23421697 | 0.99658676 | 0.0125639336 |   1.155 |
|      -0.21703383 | 0.99338399 | 0.0124438344 |   1.154 |
|      -0.19983917 | 0.99947963 | 0.0128729972 |   1.153 |
|      -0.18265923 |  1.0025994 | 0.0128072624 |   1.152 |
|      -0.16550921 |  1.0010069 | 0.0126501496 |   1.151 |
|      -0.14835759 | 0.98469834 |  0.012507274 |    1.15 |
|      -0.13120325 | 0.99909567 | 0.0125891804 |   1.149 |
|      -0.11404668 |  1.0058311 | 0.0125420768 |   1.148 |
|     -0.096892018 |  1.0094444 | 0.0126763732 |   1.147 |
|     -0.079706144 | 0.99714741 |  0.012752234 |   1.147 |
|     -0.062549081 |  1.0003195 | 0.0126586624 |   1.146 |
|     -0.045385737 | 0.99640394 | 0.0127750852 |   1.145 |
|     -0.028229568 |  1.0015402 |  0.013208928 |   1.144 |
|     -0.011077188 | 0.99255231 | 0.0129711788 |   1.144 |
|      0.006082993 |  1.0044127 | 0.0132051224 |   1.143 |
|      0.023241006 |  1.0016604 | 0.0128619808 |   1.142 |
|      0.040394884 | 0.99910501 | 0.0132166168 |   1.142 |
|      0.057586715 | 0.99403018 | 0.0129053648 |   1.141 |
|      0.074738078 | 0.99602077 | 0.0131332544 |   1.141 |
|      0.091926958 |  1.0016256 | 0.0128364396 |    1.14 |
|       0.10908441 | 0.99584302 | 0.0126472568 |    1.14 |
|       0.12624985 | 0.99266151 | 0.0125525572 |   1.139 |
|       0.14343952 | 0.99751474 | 0.0125457532 |   1.139 |
|        0.1605991 |  1.0033929 | 0.0125195896 |   1.138 |
|        0.1778141 |  0.9982214 | 0.0122384832 |   1.138 |
|       0.19497075 | 0.99595355 | 0.0123498224 |   1.137 |
|       0.21213238 | 0.99914822 | 0.0123692252 |   1.137 |
|       0.22931802 | 0.99785317 |   0.01242645 |   1.137 |
|       0.24653504 | 0.99738011 | 0.0124064484 |   1.136 |
|        0.2637868 |  1.0020971 | 0.0129951752 |   1.136 |
|       0.28097971 |   1.002076 | 0.0124538712 |   1.136 |
|       0.29821431 | 0.99610543 | 0.0124860316 |   1.136 |
|       0.31541125 | 0.99555029 | 0.0124220804 |   1.135 |
|       0.33270907 |  1.0058369 | 0.0125147364 |   1.135 |
|       0.35002717 | 0.99851119 |  0.012406154 |   1.135 |
|       0.36729911 | 0.99837221 |  0.012410828 |   1.135 |
|        0.3844354 | 0.99909203 | 0.0126073896 |   1.135 |
|       0.40167135 | 0.99329409 | 0.0125859748 |   1.135 |
|       0.41898493 |  1.0019292 | 0.0127093656 |   1.134 |
|       0.43629516 |  1.0068755 | 0.0129119144 |   1.134 |
|       0.45350696 | 0.99651518 | 0.0122766096 |   1.134 |
|       0.47090033 | 0.99948034 | 0.0123840488 |   1.134 |
|         0.488357 |  1.0007148 |  0.012492648 |   1.134 |
|       0.50571612 | 0.98618938 |  0.012375026 |   1.134 |
|       0.52294159 |  1.0019799 | 0.0125899276 |   1.134 |
|       0.54011025 |  1.0092059 |  0.012636924 |   1.135 |
|       0.55726436 | 0.99296918 |  0.012502518 |   1.135 |
|       0.57441739 |  0.9965985 | 0.0123190568 |   1.135 |
|       0.59157442 | 0.98764733 | 0.0124483236 |   1.135 |
|       0.60873171 | 0.99689265 | 0.0125907072 |   1.135 |
|       0.62589252 |  0.9967847 | 0.0123718748 |   1.135 |
|       0.64305001 | 0.99830596 | 0.0125312384 |   1.136 |
|       0.66020143 | 0.99901306 | 0.0124456308 |   1.136 |
|       0.67735273 |   1.007815 |  0.012577908 |   1.136 |
|       0.69450846 |  0.9965238 | 0.0125088592 |   1.137 |
|       0.71166889 | 0.98433181 | 0.0122060132 |   1.137 |
|       0.72882775 | 0.99911621 | 0.0129187128 |   1.137 |
|       0.74599063 | 0.99706009 | 0.0123012048 |   1.138 |
|         0.763177 | 0.98517043 | 0.0120784792 |   1.138 |
|       0.78036917 | 0.99317867 | 0.0126523088 |   1.138 |
|       0.79755127 | 0.99915694 |  0.012446534 |   1.139 |
|       0.81470158 |  0.9949186 |    0.0123684 |   1.139 |
|       0.83185868 | 0.99295593 | 0.0125675128 |    1.14 |
|       0.84901674 | 0.99547017 |  0.012456236 |    1.14 |
|       0.86617046 | 0.99262212 | 0.0124058984 |   1.141 |
|       0.88332214 | 0.99061676 |  0.012297488 |   1.142 |
|        0.9004827 |  1.0017428 | 0.0123437036 |   1.142 |
|       0.91763412 |  0.9997183 | 0.0126155636 |   1.143 |
|       0.93478792 | 0.99877813 | 0.0124200632 |   1.144 |
|       0.95194602 | 0.99959559 | 0.0125060708 |   1.144 |
|       0.96910892 | 0.99570448 | 0.0124438956 |   1.145 |
|       0.98628861 |  1.0041893 |   0.01261082 |   1.146 |
|        1.0035013 |  0.9904439 | 0.0130044244 |   1.146 |
|        1.0206516 | 0.99304262 | 0.0123695116 |   1.147 |
|        1.0378065 | 0.99976712 |  0.012599238 |   1.148 |
|        1.0549635 | 0.99535618 | 0.0126554808 |   1.149 |
|        1.0721177 |  1.0109797 | 0.0128863064 |    1.15 |
|          1.08931 |  1.0005227 |  0.012544468 |   1.151 |
|        1.1064706 | 0.99677616 | 0.0126487172 |   1.152 |
|        1.1236278 | 0.99440952 |   0.01244075 |   1.152 |
|        1.1408128 | 0.99601206 | 0.0124417292 |   1.153 |
|        1.1579989 |  1.0090388 | 0.0128930312 |   1.154 |
|        1.1751856 | 0.99577099 | 0.0124164564 |   1.155 |
|        1.1923734 |  0.9956433 |  0.012495924 |   1.156 |
|        1.2095557 | 0.99996363 | 0.0125147116 |   1.158 |
|        1.2267322 | 0.99308566 | 0.0124546172 |   1.159 |
|        1.2438903 | 0.99532674 | 0.0124591344 |    1.16 |
|        1.2610724 | 0.99712704 | 0.0125823512 |   1.161 |
|        1.2782571 | 0.99908429 | 0.0124887104 |   1.162 |
|        1.2954189 | 0.99431375 | 0.0121657956 |   1.163 |
|         1.312611 | 0.98778631 | 0.0122502096 |   1.165 |
|        1.3297718 | 0.99932615 | 0.0125534424 |   1.166 |
|        1.3469247 |   1.000492 |  0.012562144 |   1.167 |
|        1.3640834 | 0.98625349 | 0.0121802036 |   1.168 |
|        1.3812403 | 0.99196543 | 0.0123282964 |    1.17 |
|        1.3984073 | 0.99760864 |  0.012519744 |   1.171 |
|        1.4155817 |  1.0066218 | 0.0124133592 |   1.173 |
|        1.4327269 |  1.0014106 | 0.0124547148 |   1.174 |
|        1.4498929 | 0.99794379 | 0.0131828964 |   1.175 |
|        1.4670406 |  1.0021426 | 0.0127373688 |   1.177 |
|          1.48422 |   0.992176 |  0.012296742 |   1.179 |
|        1.5013747 | 0.99259597 |  0.012180572 |    1.18 |
|        1.5185259 | 0.99091252 | 0.0122446896 |   1.182 |
|         1.535713 |  1.0004471 |   0.01255519 |   1.183 |
|        1.5529072 | 0.99187927 | 0.0124187572 |   1.185 |
|        1.5700583 | 0.99283081 | 0.0124352132 |   1.187 |
|        1.5872133 | 0.99737691 | 0.0127415744 |   1.188 |
|         1.604372 |  1.0024108 |  0.012814922 |    1.19 |
|        1.6215549 |  1.0088623 |  0.013087624 |   1.192 |
|        1.6387078 | 0.99633084 |  0.012505718 |   1.194 |
|        1.6558656 | 0.99592261 | 0.0124108416 |   1.195 |
|        1.6730446 | 0.99736437 | 0.0123423308 |   1.197 |
|        1.6902109 |  1.0014644 | 0.0127261732 |   1.199 |
|        1.7073672 |  1.0033716 | 0.0126001368 |   1.201 |
|        1.7245177 |        1.0 | 0.0124108488 |   1.203 |
|        1.7416723 | 0.99668226 |  0.012556728 |   1.205 |
|        1.7588465 | 0.99619479 |  0.012433668 |   1.207 |
|        1.7760022 |  1.0028545 | 0.0125968412 |   1.209 |
|        1.7931647 |  1.0068639 | 0.0126812624 |   1.211 |
|        1.8103677 |  1.0012555 | 0.0128381484 |   1.213 |
|        1.8275192 |  1.0045208 | 0.0126537092 |   1.215 |
|        1.8446959 |  1.0035144 | 0.0125678072 |   1.218 |
|        1.8618395 |  1.0035417 |  0.012808396 |    1.22 |
|        1.8790021 |  1.0030488 | 0.0127673312 |   1.222 |
|        1.8961957 |  1.0123961 |  0.013145684 |   1.224 |
|        1.9133663 |  1.0047728 |  0.012629988 |   1.227 |
|        1.9305401 |  1.0050071 | 0.0126982864 |   1.229 |
|        1.9476975 | 0.99883122 |  0.012820474 |   1.231 |
|        1.9648636 |  1.0020808 | 0.0127309776 |   1.234 |
|         1.982023 |  1.0053138 | 0.0130288944 |   1.236 |
|        1.9991862 |  1.0066261 | 0.0128783104 |   1.239 |
|        2.0163497 |  1.0156366 |  0.013234422 |   1.241 |
|        2.0335066 |  1.0143532 | 0.0131075412 |   1.244 |
|        2.0506635 |  1.0147302 | 0.0128608124 |   1.246 |
|        2.0678104 | 0.99956064 | 0.0126641992 |   1.249 |
|        2.0849738 |  1.0054145 | 0.0128930728 |   1.252 |
|         2.102131 |  1.0034021 | 0.0129538004 |   1.254 |
|        2.1192868 |   1.014527 | 0.0129047952 |   1.257 |
|        2.1364658 |  0.9993539 |  0.012752944 |    1.26 |
|        2.1536434 |   1.000779 | 0.0127398448 |   1.263 |
|        2.1708035 |  1.0103836 |   0.01293841 |   1.266 |
|        2.1879862 |  1.0099161 | 0.0129227084 |   1.269 |
|        2.2051383 |   1.011554 |  0.012745266 |   1.272 |
|         2.222289 | 0.99638028 | 0.0127833912 |   1.275 |
|        2.2394492 |  1.0066216 | 0.0130968704 |   1.278 |
