| JD - 2457388(hr) |       Flux |     Flux Err | Airmass |
|       -2.4139274 | 0.99909766 | 0.0095024868 |    1.59 |
|       -2.3967685 | 0.99317195 | 0.0095526764 |   1.582 |
|       -2.3796119 |  1.0085228 | 0.0094991496 |   1.575 |
|       -2.3624283 | 0.99273901 | 0.0094982796 |   1.568 |
|       -2.3452542 |   1.002172 | 0.0094410752 |   1.561 |
|       -2.3280954 |  0.9933037 | 0.0092121348 |   1.555 |
|       -2.3108841 | 0.99582819 | 0.0093946608 |   1.548 |
|       -2.2937279 |  0.9962023 | 0.0094894108 |   1.541 |
|       -2.2765756 |  1.0044484 | 0.0093555484 |   1.535 |
|       -2.2594209 | 0.99082842 | 0.0094981824 |   1.528 |
|       -2.2422617 |  1.0033909 | 0.0092067928 |   1.522 |
|       -2.2251076 | 0.99820203 | 0.0090274912 |   1.516 |
|        -2.207954 | 0.99795419 | 0.0090955032 |    1.51 |
|       -2.1907916 | 0.99692704 | 0.0089753076 |   1.503 |
|       -2.1736349 | 0.99758802 | 0.0089738412 |   1.497 |
|       -2.1564684 |   0.996632 | 0.0090083908 |   1.492 |
|       -2.1393057 |  1.0030934 | 0.0091285952 |   1.486 |
|       -2.1221514 | 0.99312061 | 0.0089981396 |    1.48 |
|       -2.1049994 | 0.99969534 | 0.0088975984 |   1.474 |
|       -2.0878427 |  1.0058615 | 0.0091105732 |   1.469 |
|       -2.0706809 | 0.99660739 | 0.0089936792 |   1.463 |
|       -2.0535003 | 0.99941686 |  0.008980544 |   1.457 |
|       -2.0363209 | 0.99734745 | 0.0088980188 |   1.452 |
|       -2.0191896 | 0.99058147 | 0.0089070716 |   1.447 |
|       -2.0020402 |  1.0008738 | 0.0091662772 |   1.441 |
|       -1.9848875 |  1.0007784 | 0.0090250472 |   1.436 |
|       -1.9677348 |  1.0004192 | 0.0089767536 |   1.431 |
|       -1.9505772 |  1.0003202 | 0.0089983432 |   1.426 |
|       -1.9334253 | 0.99731255 | 0.0089413776 |   1.421 |
|       -1.9162731 | 0.99782949 | 0.0091736816 |   1.416 |
|       -1.8991183 |  1.0018767 |  0.009161004 |   1.411 |
|       -1.8819675 |  1.0041792 | 0.0092325636 |   1.406 |
|       -1.8648166 | 0.99985226 | 0.0092033448 |   1.402 |
|        -1.847663 |  1.0060927 |  0.009184872 |   1.397 |
|       -1.8305127 | 0.99905013 | 0.0091669928 |   1.392 |
|       -1.8133558 |  1.0007899 | 0.0099960908 |   1.388 |
|       -1.7961718 | 0.99874133 | 0.0091270864 |   1.383 |
|       -1.7789818 |  0.9931819 | 0.0090326264 |   1.379 |
|       -1.7618224 | 0.99495739 |   0.00904645 |   1.375 |
|       -1.7446703 | 0.99438308 | 0.0089653752 |    1.37 |
|       -1.7275163 |  1.0012885 | 0.0090110468 |   1.366 |
|        -1.710335 | 0.99813515 | 0.0088783312 |   1.362 |
|       -1.6931812 | 0.99804903 | 0.0090251216 |   1.358 |
|       -1.6760198 | 0.99657686 | 0.0089452744 |   1.353 |
|       -1.6588624 | 0.99199414 | 0.0090008344 |   1.349 |
|        -1.641703 | 0.99862759 | 0.0090635068 |   1.345 |
|       -1.6245494 |  1.0030507 | 0.0088058976 |   1.341 |
|       -1.6073352 |  1.0027487 |  0.008925254 |   1.338 |
|       -1.5901794 |  1.0030459 |  0.008765364 |   1.334 |
|       -1.5730222 |  0.9991264 | 0.0087629208 |    1.33 |
|         -1.55587 | 0.99320461 | 0.0088338624 |   1.326 |
|       -1.5387079 |  1.0022914 | 0.0087447064 |   1.322 |
|       -1.5215525 | 0.99861104 | 0.0087634144 |   1.319 |
|       -1.5043944 | 0.99419754 | 0.0087893828 |   1.315 |
|       -1.4872407 | 0.99972588 | 0.0087892052 |   1.312 |
|       -1.4700676 |  1.0001833 |  0.008894846 |   1.308 |
|       -1.4528847 | 0.99625878 | 0.0086813384 |   1.305 |
|       -1.4357223 | 0.99853018 | 0.0088221452 |   1.301 |
|       -1.4185246 | 0.99958339 |  0.008736286 |   1.298 |
|       -1.4013444 |  1.0056976 |  0.008777974 |   1.295 |
|       -1.3841855 |  1.0058615 |  0.008800496 |   1.291 |
|       -1.3669997 | 0.99809858 | 0.0086255024 |   1.288 |
|       -1.3498463 | 0.99902798 | 0.0085521244 |   1.285 |
|       -1.3326628 | 0.99794748 | 0.0088928208 |   1.282 |
|       -1.3154663 |  1.0007132 | 0.0086251624 |   1.279 |
|       -1.2982878 |  1.0006687 |  0.008685148 |   1.276 |
|       -1.2811327 |    1.00533 | 0.0087168736 |   1.273 |
|       -1.2639686 |  1.0018178 |  0.008548834 |    1.27 |
|       -1.2468145 | 0.99961929 | 0.0085692116 |   1.267 |
|       -1.2296646 | 0.99839932 |  0.008705782 |   1.264 |
|       -1.2125125 |  1.0080421 | 0.0085473736 |   1.261 |
|       -1.1953755 |  1.0018178 | 0.0085958596 |   1.258 |
|       -1.1782241 | 0.99677102 |  0.008560626 |   1.255 |
|       -1.1610706 |  1.0011105 | 0.0086186144 |   1.253 |
|       -1.1439169 |  1.0023912 | 0.0087425552 |    1.25 |
|       -1.1267321 |  1.0007572 | 0.0085927624 |   1.247 |
|       -1.1095584 |  1.0042682 | 0.0087716924 |   1.245 |
|       -1.0924102 | 0.99959625 | 0.0086803736 |   1.242 |
|       -1.0752579 |  1.0037344 | 0.0086334396 |    1.24 |
|       -1.0580962 |  1.0032696 | 0.0087325052 |   1.237 |
|       -1.0409426 |     1.0074 | 0.0086291432 |   1.235 |
|       -1.0237881 |  1.0024039 | 0.0086294168 |   1.232 |
|       -1.0066325 | 0.99640116 | 0.0085749648 |    1.23 |
|      -0.98947485 |  1.0024978 | 0.0087018484 |   1.227 |
|      -0.97231195 |  1.0024651 | 0.0086396792 |   1.225 |
|      -0.95515907 | 0.99592292 | 0.0086979748 |   1.223 |
|      -0.93798331 |  1.0024834 | 0.0086123984 |    1.22 |
|      -0.92082277 | 0.99662685 | 0.0086377304 |   1.218 |
|      -0.90363025 | 0.99565618 | 0.0085765052 |   1.216 |
|      -0.88647098 |        1.0 | 0.0087804284 |   1.214 |
|      -0.86930338 |  1.0117358 |  0.008880118 |   1.212 |
|      -0.85214707 | 0.99811737 |  0.008746792 |    1.21 |
|      -0.83499177 |   1.000062 |   0.00876202 |   1.208 |
|      -0.81781283 |   1.001648 | 0.0087501524 |   1.206 |
|      -0.80065585 |   1.003507 | 0.0086270008 |   1.204 |
|      -0.78350712 | 0.99297813 | 0.0088475624 |   1.202 |
|      -0.76631989 | 0.99973561 | 0.0090004072 |     1.2 |
|      -0.73201772 |  1.0023929 | 0.0086748524 |   1.196 |
|      -0.71485827 |   1.008249 |  0.008673804 |   1.194 |
|      -0.69768679 |  1.0013019 | 0.0087324668 |   1.192 |
|      -0.68053768 |  1.0036872 | 0.0087374768 |   1.191 |
|      -0.66338503 |  1.0034278 |  0.008767322 |   1.189 |
|      -0.64623282 |  1.0046622 | 0.0088430248 |   1.187 |
|      -0.62907667 | 0.99186195 | 0.0088749252 |   1.185 |
|      -0.61190716 |  1.0061118 |  0.009016702 |   1.184 |
|      -0.59474967 |  1.0038786 | 0.0087252212 |   1.182 |
|       -0.5775946 |  1.0045384 | 0.0087082696 |   1.181 |
|      -0.56041372 | 0.99353588 | 0.0086754876 |   1.179 |
|      -0.54326313 |   1.000947 | 0.0087720212 |   1.178 |
|      -0.52607189 |  1.0097754 | 0.0086856904 |   1.176 |
|      -0.50891352 |  1.0046732 | 0.0086158052 |   1.175 |
|      -0.49168405 | 0.99892777 | 0.0085741424 |   1.173 |
|      -0.47451943 |  1.0023817 | 0.0087566892 |   1.172 |
|      -0.45732503 |  1.0075276 |  0.008838572 |    1.17 |
|      -0.44017357 |  1.0132577 | 0.0087451676 |   1.169 |
|      -0.42301279 |   1.002822 | 0.0086409608 |   1.168 |
|      -0.40583064 |  1.0080937 | 0.0087795312 |   1.166 |
|        -0.388651 |  1.0043247 | 0.0086652452 |   1.165 |
|        -0.371495 |  1.0065329 | 0.0087019268 |   1.164 |
|      -0.33717167 |  1.0004338 | 0.0085331252 |   1.161 |
|      -0.32001138 |  1.0035972 | 0.0085482424 |    1.16 |
|       -0.3028569 | 0.99913009 | 0.0086312168 |   1.159 |
|      -0.28569942 |  1.0024628 | 0.0087549712 |   1.158 |
|      -0.26853983 |  1.0072872 | 0.0086793976 |   1.157 |
|      -0.25137686 |  1.0029536 |  0.008641936 |   1.156 |
|      -0.23421697 |  1.0011783 | 0.0086666916 |   1.155 |
|      -0.21703383 |  1.0042913 | 0.0085213232 |   1.154 |
|      -0.19983917 |  1.0069425 | 0.0086699436 |   1.153 |
|      -0.18265923 |  1.0023942 | 0.0086298684 |   1.152 |
|      -0.16550921 |  1.0046088 | 0.0085630596 |   1.151 |
|      -0.14835759 |  1.0107352 | 0.0085509736 |    1.15 |
|      -0.13120325 |  1.0031234 | 0.0085135556 |   1.149 |
|      -0.11404668 |   1.005509 | 0.0085027892 |   1.148 |
|     -0.096892018 |  1.0017966 | 0.0085279228 |   1.147 |
|     -0.079706144 |  1.0032488 | 0.0086044708 |   1.147 |
|     -0.062549081 | 0.99423053 | 0.0084890964 |   1.146 |
|     -0.045385737 |  1.0018738 |  0.008603764 |   1.145 |
|     -0.028229568 |  1.0009524 |  0.008752868 |   1.144 |
|     -0.011077188 |  1.0036123 | 0.0087058536 |   1.144 |
|      0.006082993 |  1.0072168 | 0.0087668152 |   1.143 |
|      0.023241006 | 0.99512638 | 0.0086333128 |   1.142 |
|      0.040394884 |   1.005396 | 0.0087372608 |   1.142 |
|      0.057586715 |  1.0052986 |  0.008706978 |   1.141 |
|      0.074738078 | 0.99784761 |  0.008673886 |   1.141 |
|      0.091926958 |  1.0051352 | 0.0086232472 |    1.14 |
|       0.10908441 | 0.99900483 | 0.0085707704 |    1.14 |
|       0.12624985 |  1.0037142 |  0.008628038 |   1.139 |
|       0.14343952 |  1.0060067 | 0.0085340908 |   1.139 |
|        0.1605991 |  1.0005671 | 0.0085186924 |   1.138 |
|        0.1778141 |  1.0092169 | 0.0084735652 |   1.138 |
|       0.19497075 |  1.0053586 |  0.008494402 |   1.137 |
|       0.21213238 | 0.99779303 | 0.0084781184 |   1.137 |
|       0.22931802 |    1.00977 | 0.0086339236 |   1.137 |
|       0.24653504 |  1.0034292 | 0.0085115468 |   1.136 |
|        0.2637868 |  1.0095214 | 0.0087537656 |   1.136 |
|       0.28097971 |  1.0037615 | 0.0085914396 |   1.136 |
|       0.29821431 |   1.003514 | 0.0085700724 |   1.136 |
|       0.31541125 |  1.0013968 | 0.0086053156 |   1.135 |
|       0.33270907 | 0.99634792 | 0.0084720388 |   1.135 |
|       0.35002717 |  1.0025002 | 0.0085716564 |   1.135 |
|       0.36729911 | 0.99698061 |  0.008557486 |   1.135 |
|        0.3844354 |  1.0067479 | 0.0086299584 |   1.135 |
|       0.40167135 | 0.99858185 | 0.0086511168 |   1.135 |
|       0.41898493 |  1.0049563 | 0.0086267456 |   1.134 |
|       0.43629516 |  1.0021611 | 0.0087148124 |   1.134 |
|       0.45350696 |  1.0005164 | 0.0084973368 |   1.134 |
|       0.47090033 |  1.0025115 | 0.0085316608 |   1.134 |
|         0.488357 | 0.99708842 | 0.0085855408 |   1.134 |
|       0.50571612 |  1.0023426 |  0.008611922 |   1.134 |
|       0.52294159 |  1.0005741 | 0.0085964748 |   1.134 |
|       0.54011025 |   1.000401 |  0.008720366 |   1.135 |
|       0.55726436 | 0.99636827 | 0.0086165944 |   1.135 |
|       0.57441739 | 0.99913983 | 0.0085284368 |   1.135 |
|       0.59157442 | 0.99959715 |   0.00866362 |   1.135 |
|       0.60873171 |  1.0015468 |  0.008709818 |   1.135 |
|       0.62589252 |  1.0013968 | 0.0086087948 |   1.135 |
|       0.64305001 |   1.002309 | 0.0086675808 |   1.136 |
|       0.66020143 |  1.0053731 | 0.0086260272 |   1.136 |
|       0.67735273 |  1.0004568 | 0.0085834444 |   1.136 |
|       0.69450846 |  0.9972119 | 0.0085628236 |   1.137 |
|       0.71166889 |  1.0030006 |   0.00856222 |   1.137 |
|       0.72882775 | 0.99572731 | 0.0087103256 |   1.137 |
|       0.74599063 | 0.99950532 | 0.0085502308 |   1.138 |
|         0.763177 |   1.001047 | 0.0085305968 |   1.138 |
|       0.78036917 |  1.0070837 | 0.0087670836 |   1.138 |
|       0.81470158 |   1.002146 | 0.0085631424 |   1.139 |
|       0.83185868 |  1.0050322 | 0.0086376704 |    1.14 |
|       0.84901674 |  0.9951464 | 0.0086220132 |    1.14 |
|       0.86617046 | 0.99899152 |  0.008611322 |   1.141 |
|       0.88332214 |  1.0031146 | 0.0085788652 |   1.142 |
|        0.9004827 |  1.0054048 | 0.0086135056 |   1.142 |
|       0.91763412 |  1.0050911 | 0.0086290252 |   1.143 |
|       0.93478792 |  1.0044222 | 0.0086087276 |   1.144 |
|       0.95194602 | 0.99843097 | 0.0086106044 |   1.144 |
|       0.96910892 | 0.99700052 | 0.0085685772 |   1.145 |
|       0.98628861 | 0.99998378 | 0.0085692608 |   1.146 |
|        1.0035013 | 0.99966123 | 0.0087801612 |   1.146 |
|        1.0206516 |  1.0015505 | 0.0086853264 |   1.147 |
|        1.0378065 | 0.99441395 | 0.0086565472 |   1.148 |
|        1.0549635 | 0.99663904 | 0.0086521292 |   1.149 |
|        1.0721177 |  1.0031964 |  0.008793202 |    1.15 |
|          1.08931 | 0.99484779 |  0.008646996 |   1.151 |
|        1.1064706 |  1.0110617 | 0.0088180124 |   1.152 |
|        1.1236278 | 0.99945198 | 0.0086413768 |   1.152 |
|        1.1408128 | 0.99999955 | 0.0086896348 |   1.153 |
|        1.1579989 | 0.99068134 | 0.0086231248 |   1.154 |
|        1.1751856 |  0.9963317 | 0.0087137864 |   1.155 |
|        1.1923734 |  1.0039862 | 0.0087316996 |   1.156 |
|        1.2095557 |  1.0009651 | 0.0086912528 |   1.158 |
|        1.2267322 | 0.99442782 | 0.0087040868 |   1.159 |
|        1.2438903 | 0.99848555 | 0.0087002764 |    1.16 |
|        1.2610724 |  1.0009977 | 0.0087298976 |   1.161 |
|        1.2782571 | 0.99931653 | 0.0087991856 |   1.162 |
|        1.2954189 | 0.99448352 | 0.0086304356 |   1.163 |
|         1.312611 | 0.99646759 | 0.0086413472 |   1.165 |
|        1.3297718 |  1.0020071 | 0.0086621224 |   1.166 |
|        1.3469247 | 0.99872087 | 0.0086100016 |   1.167 |
|        1.3812403 | 0.99715911 | 0.0086652332 |    1.17 |
|        1.4155817 |   1.005296 | 0.0087604384 |   1.173 |
|        1.4327269 | 0.99622087 | 0.0086916968 |   1.174 |
|        1.4498929 | 0.98910874 | 0.0089237308 |   1.175 |
|        1.4670406 | 0.99937469 | 0.0088099284 |   1.177 |
|          1.48422 | 0.99578211 | 0.0086659096 |   1.179 |
|        1.5013747 | 0.99502315 | 0.0085994176 |    1.18 |
|        1.5185259 | 0.99780175 | 0.0086658196 |   1.182 |
|         1.535713 | 0.99467689 | 0.0086212776 |   1.183 |
|        1.5529072 | 0.99611842 |  0.008772382 |   1.185 |
|        1.5700583 |  1.0067739 | 0.0086917456 |   1.187 |
|        1.5872133 | 0.99678175 | 0.0086813548 |   1.188 |
|         1.604372 | 0.99695925 | 0.0087749868 |    1.19 |
|        1.6215549 |  1.0020045 | 0.0088315164 |   1.192 |
|        1.6387078 | 0.99652798 | 0.0087183928 |   1.194 |
|        1.6558656 | 0.99579016 |  0.008641796 |   1.195 |
|        1.6730446 | 0.99150841 | 0.0085970908 |   1.197 |
|        1.6902109 | 0.99411746 | 0.0086647368 |   1.199 |
|        1.7073672 | 0.99004228 | 0.0088344892 |   1.201 |
|        1.7245177 | 0.99363341 | 0.0087261972 |   1.203 |
|        1.7416723 | 0.99913524 |  0.008867214 |   1.205 |
|        1.7588465 | 0.99547969 | 0.0087487204 |   1.207 |
|        1.7760022 |  1.0005266 | 0.0087492332 |   1.209 |
|        1.7931647 | 0.99405975 | 0.0087456272 |   1.211 |
|        1.8103677 | 0.98979243 | 0.0087674504 |   1.213 |
|        1.8275192 | 0.99496634 | 0.0088365128 |   1.215 |
|        1.8446959 |  1.0003699 | 0.0088180484 |   1.218 |
|        1.8618395 | 0.98953094 | 0.0087634828 |    1.22 |
|        1.8790021 | 0.99327149 | 0.0087511968 |   1.222 |
|        1.8961957 | 0.99742518 | 0.0088371332 |   1.224 |
|        1.9133663 | 0.99907697 | 0.0087785104 |   1.227 |
|        1.9305401 | 0.99716425 | 0.0088470728 |   1.229 |
|        1.9476975 |  1.0042189 | 0.0089140392 |   1.231 |
|        1.9648636 | 0.99900685 |   0.00885495 |   1.234 |
|         1.982023 |  0.9984076 | 0.0089372304 |   1.236 |
|        1.9991862 |  0.9898139 | 0.0087829764 |   1.239 |
|        2.0163497 | 0.99968304 | 0.0089953168 |   1.241 |
|        2.0335066 | 0.99943721 | 0.0089174772 |   1.244 |
|        2.0506635 | 0.99583669 | 0.0087450548 |   1.246 |
|        2.0678104 | 0.99386805 |  0.008861346 |   1.249 |
|        2.0849738 |  1.0002782 | 0.0088219496 |   1.252 |
|         2.102131 | 0.99353085 | 0.0087549328 |   1.254 |
|        2.1192868 | 0.99186821 | 0.0087062092 |   1.257 |
|        2.1364658 |   0.993435 |  0.008783802 |    1.26 |
|        2.1536434 | 0.99953541 | 0.0087434936 |   1.263 |
|        2.1708035 |  0.9985011 | 0.0087479464 |   1.266 |
|        2.1879862 |  0.9943606 |  0.008722026 |   1.269 |
|        2.2051383 | 0.98839284 |  0.008685556 |   1.272 |
|         2.222289 | 0.99525187 | 0.0087993672 |   1.275 |
|        2.2394492 | 0.99323111 | 0.0087236896 |   1.278 |
