| JD - 2457388(hr) |       Flux |     Flux Err | Airmass |
|       -2.4139274 |  1.0195556 | 0.0108970896 |    1.59 |
|       -2.3967685 |  1.0286159 | 0.0109219784 |   1.582 |
|       -2.3796119 |  1.0222848 | 0.0108499896 |   1.575 |
|       -2.3624283 |  1.0224062 |   0.01072263 |   1.568 |
|       -2.3452542 |  1.0268428 | 0.0107360092 |   1.561 |
|       -2.3280954 |  1.0173533 | 0.0104341156 |   1.555 |
|       -2.3108841 |  1.0126201 | 0.0104065532 |   1.548 |
|       -2.2937279 |  1.0357167 | 0.0108149768 |   1.541 |
|       -2.2765756 |  1.0214383 | 0.0104525352 |   1.535 |
|       -2.2594209 |  1.0179149 | 0.0106679036 |   1.528 |
|       -2.2422617 |  1.0013277 |  0.010053394 |   1.522 |
|       -2.2251076 |  1.0244332 | 0.0102297992 |   1.516 |
|        -2.207954 |  1.0186423 | 0.0102208872 |    1.51 |
|       -2.1907916 |  1.0260799 |  0.009911202 |   1.503 |
|       -2.1736349 |  1.0233365 | 0.0102337652 |   1.497 |
|       -2.1564684 |  1.0326723 | 0.0101460772 |   1.492 |
|       -2.1393057 |  1.0179839 | 0.0100994496 |   1.486 |
|       -2.1221514 |  1.0226001 |  0.010031402 |    1.48 |
|       -2.1049994 |  1.0272699 | 0.0101693652 |   1.474 |
|       -2.0878427 |  1.0292093 | 0.0102535192 |   1.469 |
|       -2.0706809 |  1.0229024 | 0.0100121628 |   1.463 |
|       -2.0535003 |  1.0317961 | 0.0102396604 |   1.457 |
|       -2.0363209 |  1.0273651 | 0.0098755188 |   1.452 |
|       -2.0191896 |  1.0274385 |    0.0098589 |   1.447 |
|       -2.0020402 |  1.0171713 | 0.0104625828 |   1.441 |
|       -1.9848875 |  1.0170836 | 0.0102411272 |   1.436 |
|       -1.9677348 |  1.0256014 | 0.0101177952 |   1.431 |
|       -1.9505772 |  1.0187082 | 0.0101036652 |   1.426 |
|       -1.9334253 |  1.0206311 | 0.0101561888 |   1.421 |
|       -1.9162731 |  1.0228697 | 0.0102927428 |   1.416 |
|       -1.8991183 | 0.99927366 | 0.0100245896 |   1.411 |
|       -1.8819675 |  1.0000839 | 0.0098955684 |   1.406 |
|       -1.8648166 |  1.0039473 |  0.010200462 |   1.402 |
|        -1.847663 |  1.0046717 | 0.0100710352 |   1.397 |
|       -1.8305127 |  1.0163497 |  0.010248518 |   1.392 |
|       -1.8133558 | 0.99244668 | 0.0104883432 |   1.388 |
|       -1.7961718 |  1.0003916 | 0.0099832948 |   1.383 |
|       -1.7789818 |  1.0178719 | 0.0099784364 |   1.379 |
|       -1.7618224 |  1.0136006 | 0.0099847364 |   1.375 |
|       -1.7446703 |  1.0148373 | 0.0098833652 |    1.37 |
|        -1.710335 |  1.0146911 | 0.0098467916 |   1.362 |
|       -1.6931812 |  1.0170242 | 0.0097837656 |   1.358 |
|       -1.6760198 |  1.0158223 | 0.0098049896 |   1.353 |
|       -1.6588624 |  1.0031815 | 0.0098143336 |   1.349 |
|       -1.6245494 |  1.0111975 | 0.0099135648 |   1.341 |
|       -1.6073352 |  1.0200721 | 0.0097975256 |   1.338 |
|       -1.5901794 |  1.0111982 | 0.0096606524 |   1.334 |
|       -1.5730222 |  1.0198323 | 0.0098111112 |    1.33 |
|         -1.55587 |  1.0241428 | 0.0097159292 |   1.326 |
|       -1.5215525 |  1.0212123 |  0.009685248 |   1.319 |
|       -1.5043944 |  1.0092282 | 0.0096175608 |   1.315 |
|       -1.4872407 |  1.0078092 | 0.0096995224 |   1.312 |
|       -1.4700676 |  1.0113509 | 0.0098329744 |   1.308 |
|       -1.4528847 |  1.0228497 | 0.0097454128 |   1.305 |
|       -1.4357223 |  0.9979877 | 0.0095402404 |   1.301 |
|       -1.4185246 |  1.0063385 | 0.0096837452 |   1.298 |
|       -1.4013444 |  1.0023613 | 0.0094844668 |   1.295 |
|       -1.3841855 |  1.0110298 | 0.0096983756 |   1.291 |
|       -1.3669997 |  1.0077891 | 0.0095586664 |   1.288 |
|       -1.3498463 |  1.0121368 |  0.009453536 |   1.285 |
|       -1.3326628 |  1.0057661 |   0.00962474 |   1.282 |
|       -1.3154663 |  1.0158854 | 0.0094883524 |   1.279 |
|       -1.2982878 |    1.02222 | 0.0095244324 |   1.276 |
|       -1.2811327 |  1.0105185 | 0.0095276544 |   1.273 |
|       -1.2639686 |  1.0276142 | 0.0094697532 |    1.27 |
|       -1.2468145 |  1.0229911 | 0.0094019228 |   1.267 |
|       -1.2296646 |  1.0189076 |  0.009721936 |   1.264 |
|       -1.2125125 |  1.0130891 | 0.0094716116 |   1.261 |
|       -1.1953755 |  1.0170699 |  0.009436748 |   1.258 |
|       -1.1782241 |    1.00452 |  0.009388852 |   1.255 |
|       -1.1610706 |   1.011814 | 0.0094491176 |   1.253 |
|       -1.1439169 |  1.0033638 | 0.0095228696 |    1.25 |
|       -1.1267321 |  1.0119409 | 0.0094941956 |   1.247 |
|       -1.1095584 |  1.0103433 |  0.009496688 |   1.245 |
|       -1.0924102 |  1.0076351 |  0.009614224 |   1.242 |
|       -1.0752579 |  1.0020859 |    0.0094796 |    1.24 |
|       -1.0580962 |  1.0149097 | 0.0094879452 |   1.237 |
|       -1.0409426 |  1.0116621 | 0.0092603916 |   1.235 |
|       -1.0237881 |  1.0035884 | 0.0094167736 |   1.232 |
|       -1.0066325 |  1.0153161 | 0.0092137972 |    1.23 |
|      -0.98947485 |  1.0090008 | 0.0095158572 |   1.227 |
|      -0.97231195 |  1.0025639 | 0.0093366556 |   1.225 |
|      -0.95515907 | 0.99987643 | 0.0093636336 |   1.223 |
|      -0.93798331 |  1.0078822 | 0.0094876192 |    1.22 |
|      -0.92082277 |  1.0110216 |  0.009288422 |   1.218 |
|      -0.90363025 |  1.0099288 |  0.009269956 |   1.216 |
|      -0.88647098 |  1.0095755 | 0.0094577828 |   1.214 |
|      -0.86930338 |   1.008531 | 0.0096843204 |   1.212 |
|      -0.85214707 |  1.0105779 | 0.0095398008 |    1.21 |
|      -0.83499177 |  1.0000668 |  0.009443588 |   1.208 |
|      -0.81781283 |  1.0055066 | 0.0093463144 |   1.206 |
|      -0.80065585 |  1.0066336 | 0.0094039764 |   1.204 |
|      -0.78350712 |  1.0106596 | 0.0096030564 |   1.202 |
|      -0.76631989 | 0.99895199 | 0.0095772276 |     1.2 |
|      -0.74916646 |   1.010574 | 0.0093313428 |   1.198 |
|      -0.73201772 |  1.0098718 |  0.009378658 |   1.196 |
|      -0.71485827 |   1.001077 |    0.0092695 |   1.194 |
|      -0.69768679 |  0.9953915 |  0.009309708 |   1.192 |
|      -0.68053768 |  1.0069203 | 0.0095142704 |   1.191 |
|      -0.66338503 |  1.0111567 | 0.0094136852 |   1.189 |
|      -0.64623282 |  1.0051834 | 0.0094236316 |   1.187 |
|      -0.62907667 |  1.0119027 | 0.0096014596 |   1.185 |
|      -0.61190716 |  1.0029618 | 0.0095061912 |   1.184 |
|      -0.59474967 |   1.008823 | 0.0094030808 |   1.182 |
|       -0.5775946 | 0.99852586 | 0.0092535764 |   1.181 |
|      -0.56041372 |  1.0064618 | 0.0093845516 |   1.179 |
|      -0.54326313 |  1.0138661 | 0.0094225072 |   1.178 |
|      -0.52607189 |   1.006951 | 0.0091997888 |   1.176 |
|      -0.50891352 |  1.0156482 | 0.0091710628 |   1.175 |
|      -0.49168405 |  1.0085448 |  0.009165964 |   1.173 |
|      -0.47451943 |   1.005874 | 0.0093458588 |   1.172 |
|      -0.45732503 | 0.99353704 | 0.0091299172 |    1.17 |
|      -0.44017357 |  1.0089775 | 0.0092247208 |   1.169 |
|      -0.42301279 |  1.0010045 | 0.0092766552 |   1.168 |
|      -0.40583064 | 0.99800859 |  0.009124694 |   1.166 |
|        -0.388651 |  1.0022092 |  0.009099058 |   1.165 |
|        -0.371495 |  1.0146401 | 0.0093152592 |   1.164 |
|      -0.35434107 | 0.99749906 | 0.0091343108 |   1.163 |
|      -0.33717167 |  1.0144925 | 0.0093537112 |   1.161 |
|      -0.32001138 |  1.0054075 | 0.0091702388 |    1.16 |
|       -0.3028569 |  1.0051901 | 0.0092271028 |   1.159 |
|      -0.28569942 | 0.98985379 | 0.0091534876 |   1.158 |
|      -0.26853983 | 0.98889748 | 0.0092625448 |   1.157 |
|      -0.25137686 |  1.0026444 | 0.0091929084 |   1.156 |
|      -0.23421697 |  1.0037412 |  0.009131086 |   1.155 |
|      -0.21703383 |  1.0038999 |   0.00908235 |   1.154 |
|      -0.19983917 | 0.99297759 | 0.0091473084 |   1.153 |
|      -0.18265923 | 0.99491875 | 0.0090178956 |   1.152 |
|      -0.16550921 |  1.0110803 | 0.0091584628 |   1.151 |
|      -0.14835759 | 0.99789236 | 0.0091944356 |    1.15 |
|      -0.13120325 | 0.99529785 | 0.0090431504 |   1.149 |
|      -0.11404668 |  1.0001967 | 0.0089570736 |   1.148 |
|     -0.096892018 | 0.99677078 | 0.0090768108 |   1.147 |
|     -0.079706144 | 0.99995959 | 0.0091271136 |   1.147 |
|     -0.062549081 | 0.99482833 | 0.0089161368 |   1.146 |
|     -0.045385737 |  1.0029079 | 0.0091543176 |   1.145 |
|     -0.028229568 | 0.99475944 | 0.0091663044 |   1.144 |
|     -0.011077188 | 0.99758803 |  0.009117258 |   1.144 |
|      0.006082993 | 0.99986538 |   0.00920774 |   1.143 |
|      0.023241006 | 0.98982644 |  0.009027916 |   1.142 |
|      0.040394884 | 0.99800197 | 0.0092196072 |   1.142 |
|      0.057586715 |   0.987743 | 0.0090682768 |   1.141 |
|      0.074738078 | 0.99203467 | 0.0089672944 |   1.141 |
|      0.091926958 | 0.98937055 | 0.0091634068 |    1.14 |
|       0.10908441 | 0.99340581 | 0.0088608964 |    1.14 |
|       0.12624985 | 0.99907919 | 0.0089122872 |   1.139 |
|       0.14343952 | 0.99052964 | 0.0090071944 |   1.139 |
|        0.1605991 | 0.99977907 | 0.0089604392 |   1.138 |
|        0.1778141 | 0.99338564 |  0.008895132 |   1.138 |
|       0.19497075 | 0.98370411 |   0.00891895 |   1.137 |
|       0.21213238 |  1.0056499 | 0.0089036276 |   1.137 |
|       0.22931802 | 0.99377443 | 0.0089601576 |   1.137 |
|        0.2637868 | 0.99307994 |  0.009102968 |   1.136 |
|       0.29821431 |        1.0 | 0.0090255088 |   1.136 |
|       0.31541125 |  1.0112721 | 0.0090270708 |   1.135 |
|       0.33270907 |   1.006161 | 0.0089533136 |   1.135 |
|       0.35002717 | 0.99889431 | 0.0088712956 |   1.135 |
|       0.36729911 | 0.99372127 | 0.0087212456 |   1.135 |
|        0.3844354 | 0.98860864 | 0.0089830328 |   1.135 |
|       0.40167135 | 0.99565203 |  0.008926002 |   1.135 |
|       0.41898493 | 0.99880075 | 0.0091710292 |   1.134 |
|       0.43629516 | 0.99743082 | 0.0090646704 |   1.134 |
|       0.45350696 | 0.98959979 | 0.0089451216 |   1.134 |
|       0.47090033 |  0.9899071 | 0.0089518328 |   1.134 |
|         0.488357 | 0.99027016 | 0.0088947804 |   1.134 |
|       0.50571612 | 0.98587637 | 0.0089997244 |   1.134 |
|       0.52294159 | 0.99339807 | 0.0089499352 |   1.134 |
|       0.54011025 |   1.003208 | 0.0090159624 |   1.135 |
|       0.55726436 | 0.99552959 | 0.0089674012 |   1.135 |
|       0.57441739 |  0.9888532 | 0.0089424428 |   1.135 |
|       0.59157442 |  1.0068771 | 0.0090943172 |   1.135 |
|       0.60873171 | 0.99949563 | 0.0090303828 |   1.135 |
|       0.62589252 | 0.99581657 | 0.0089895392 |   1.135 |
|       0.64305001 |  1.0004639 | 0.0091418532 |   1.136 |
|       0.66020143 | 0.98904921 | 0.0087996752 |   1.136 |
|       0.67735273 | 0.99513395 | 0.0090147008 |   1.136 |
|       0.69450846 | 0.99488802 | 0.0089353628 |   1.137 |
|       0.71166889 | 0.98227522 | 0.0088773224 |   1.137 |
|       0.72882775 |  0.9964062 | 0.0090582964 |   1.137 |
|       0.74599063 | 0.99948507 | 0.0087862872 |   1.138 |
|         0.763177 | 0.98174489 | 0.0086699072 |   1.138 |
|       0.78036917 | 0.97872982 | 0.0088414856 |   1.138 |
|       0.79755127 | 0.99023926 | 0.0089295216 |   1.139 |
|       0.81470158 | 0.98956301 | 0.0087693132 |   1.139 |
|       0.83185868 | 0.99862773 | 0.0089470064 |    1.14 |
|       0.84901674 | 0.99093439 | 0.0088761008 |    1.14 |
|       0.86617046 | 0.98335921 | 0.0088033436 |   1.141 |
|       0.88332214 | 0.97924096 | 0.0088813372 |   1.142 |
|        0.9004827 |  0.9903267 | 0.0088067084 |   1.142 |
|       0.91763412 | 0.98289147 | 0.0089786224 |   1.143 |
|       0.93478792 | 0.98605414 | 0.0088887672 |   1.144 |
|       0.95194602 |  0.9889675 | 0.0088804416 |   1.144 |
|       0.96910892 |  1.0023129 | 0.0089038916 |   1.145 |
|       0.98628861 | 0.99249605 | 0.0090368576 |   1.146 |
|        1.0035013 | 0.99693242 | 0.0089362712 |   1.146 |
|        1.0206516 | 0.99201733 |  0.008937082 |   1.147 |
|        1.0378065 | 0.99671956 | 0.0089448436 |   1.148 |
|        1.0549635 | 0.97967193 | 0.0088597136 |   1.149 |
|        1.0721177 | 0.99535391 | 0.0089012904 |    1.15 |
|          1.08931 | 0.99243684 | 0.0088562968 |   1.151 |
|        1.1064706 | 0.98995477 | 0.0090034884 |   1.152 |
|        1.1236278 | 0.98579942 | 0.0089008204 |   1.152 |
|        1.1408128 |  1.0003511 | 0.0088445884 |   1.153 |
|        1.1579989 | 0.99552523 | 0.0090300412 |   1.154 |
|        1.1751856 | 0.99416135 | 0.0088809848 |   1.155 |
|        1.1923734 | 0.99335636 | 0.0089047412 |   1.156 |
|        1.2095557 | 0.98393851 |  0.008922932 |   1.158 |
|        1.2267322 | 0.99405617 | 0.0088256416 |   1.159 |
|        1.2438903 | 0.98711829 | 0.0088721368 |    1.16 |
|        1.2610724 | 0.99238925 | 0.0089754952 |   1.161 |
|        1.2782571 | 0.98835069 |   0.00886572 |   1.162 |
|        1.2954189 | 0.98564995 | 0.0087664964 |   1.163 |
|         1.312611 | 0.98149266 | 0.0088158012 |   1.165 |
|        1.3297718 | 0.99079428 |  0.008970372 |   1.166 |
|        1.3469247 | 0.97845122 | 0.0088832548 |   1.167 |
|        1.3640834 | 0.99395567 |  0.008856046 |   1.168 |
|        1.3812403 | 0.97939688 | 0.0087722264 |    1.17 |
|        1.3984073 | 0.98788052 | 0.0089204328 |   1.171 |
|        1.4155817 | 0.98638614 | 0.0087919648 |   1.173 |
|        1.4327269 | 0.99652695 | 0.0088903188 |   1.174 |
|        1.4498929 | 0.99208283 | 0.0092302152 |   1.175 |
|        1.4670406 | 0.99896626 | 0.0089507356 |   1.177 |
|          1.48422 | 0.99564751 |   0.00888914 |   1.179 |
|        1.5013747 | 0.99706777 | 0.0088286808 |    1.18 |
|        1.5185259 | 0.99649742 |  0.008730314 |   1.182 |
|         1.535713 |  1.0020928 | 0.0090264336 |   1.183 |
|        1.5529072 | 0.99715222 | 0.0088025532 |   1.185 |
|        1.5700583 | 0.99039324 | 0.0089352704 |   1.187 |
|        1.5872133 | 0.99597047 | 0.0089560616 |   1.188 |
|         1.604372 | 0.99206274 | 0.0089356804 |    1.19 |
|        1.6215549 | 0.98696052 | 0.0090388712 |   1.192 |
|        1.6387078 | 0.98850136 | 0.0087327004 |   1.194 |
|        1.6558656 | 0.99163678 | 0.0088761144 |   1.195 |
|        1.6730446 | 0.97665928 | 0.0087756608 |   1.197 |
|        1.6902109 | 0.99082824 |  0.008963248 |   1.199 |
|        1.7073672 | 0.99333523 | 0.0088467624 |   1.201 |
|        1.7245177 | 0.98623127 | 0.0089080256 |   1.203 |
|        1.7416723 | 0.98513349 |  0.008765212 |   1.205 |
|        1.7588465 | 0.99275843 | 0.0087741124 |   1.207 |
|        1.7760022 |  0.9808052 |  0.008866782 |   1.209 |
|        1.7931647 | 0.99942199 | 0.0089196124 |   1.211 |
|        1.8103677 | 0.99984828 | 0.0089628956 |   1.213 |
|        1.8275192 |  1.0027099 | 0.0089127116 |   1.215 |
|        1.8446959 |  1.0001381 |  0.008855492 |   1.218 |
|        1.8618395 | 0.99267914 | 0.0088718828 |    1.22 |
|        1.8790021 | 0.99684749 |  0.008889136 |   1.222 |
|        1.8961957 | 0.98721532 | 0.0090139508 |   1.224 |
|        1.9133663 | 0.98623321 | 0.0089520352 |   1.227 |
|        1.9305401 | 0.99207355 | 0.0089506568 |   1.229 |
|        1.9476975 | 0.98474318 | 0.0088802836 |   1.231 |
|        1.9648636 | 0.98401216 | 0.0089556904 |   1.234 |
|         1.982023 | 0.98660602 |  0.008932236 |   1.236 |
|        1.9991862 | 0.99476993 |  0.009053384 |   1.239 |
|        2.0163497 | 0.97971435 | 0.0088861756 |   1.241 |
|        2.0335066 | 0.98670386 | 0.0090241016 |   1.244 |
|        2.0506635 | 0.99344711 | 0.0088889616 |   1.246 |
|        2.0678104 |  1.0042601 | 0.0087816024 |   1.249 |
|        2.0849738 | 0.99647718 | 0.0089434756 |   1.252 |
|         2.102131 | 0.98029091 | 0.0089254556 |   1.254 |
|        2.1192868 |  1.0005537 | 0.0087946676 |   1.257 |
|        2.1364658 | 0.98349585 | 0.0088298176 |    1.26 |
|        2.1536434 | 0.99174559 | 0.0088335284 |   1.263 |
|        2.1708035 | 0.98600607 | 0.0087767264 |   1.266 |
|        2.1879862 | 0.99193723 | 0.0087751308 |   1.269 |
|        2.2051383 |  1.0066978 | 0.0086196076 |   1.272 |
|         2.222289 | 0.99960202 | 0.0086556156 |   1.275 |
|        2.2394492 | 0.98758499 | 0.0087528184 |   1.278 |
