| JD - 2457565 (hr) |       Flux |     Flux Err | Airmass |
|        -4.5079613 |  1.0051473 | 0.0108730968 |   1.416 |
|        -4.4866787 |   1.003373 | 0.0108363624 |   1.408 |
|        -4.4653956 |  1.0048188 |  0.010799662 |   1.401 |
|        -4.4441073 |  1.0138424 | 0.0109368172 |   1.394 |
|        -4.4228128 |  1.0081568 | 0.0108697508 |   1.387 |
|        -4.4015156 |  1.0054357 | 0.0106882076 |    1.38 |
|        -4.3802279 |  1.0045949 | 0.0106140388 |   1.373 |
|        -4.3589434 |  1.0050326 | 0.0107432448 |   1.366 |
|        -4.3376587 |  1.0100393 |  0.010927332 |    1.36 |
|        -4.3163706 |  1.0047609 |  0.010895408 |   1.353 |
|        -4.2950823 | 0.99967525 | 0.0110571428 |   1.347 |
|        -4.2737971 |  1.0018651 | 0.0112777684 |   1.341 |
|         -4.252515 |  1.0082117 | 0.0111756556 |   1.334 |
|        -4.2312308 |  1.0050939 | 0.0106301092 |   1.328 |
|        -4.2099406 |  1.0062149 | 0.0107101796 |   1.322 |
|        -4.1886509 |  1.0178095 | 0.0106849532 |   1.316 |
|        -4.1673621 |  1.0075985 | 0.0104908812 |    1.31 |
|        -4.1460789 |  1.0054288 | 0.0102819528 |   1.305 |
|        -4.1247933 |  1.0074615 | 0.0102985932 |   1.299 |
|        -4.1035074 |  1.0020844 | 0.0102514848 |   1.293 |
|        -4.0822223 |  1.0024865 | 0.0103045676 |   1.288 |
|        -4.0609334 |  1.0055538 | 0.0102124148 |   1.282 |
|        -4.0396478 |  1.0028524 | 0.0102885292 |   1.277 |
|          -4.01836 |  1.0053872 | 0.0102707328 |   1.272 |
|        -3.9970688 |  1.0042363 | 0.0102472248 |   1.266 |
|        -3.9757763 |  1.0047696 |  0.010335988 |   1.261 |
|        -3.9544877 |  0.9972942 | 0.0102440516 |   1.256 |
|        -3.9332025 |  1.0013075 |  0.010223908 |   1.251 |
|        -3.9119164 |  1.0047963 | 0.0101518944 |   1.246 |
|         -3.890629 |  1.0088882 | 0.0103925812 |   1.242 |
|        -3.8693396 |   1.000994 | 0.0105504628 |   1.237 |
|        -3.8480549 |    1.00805 | 0.0108804232 |   1.232 |
|        -3.8267708 |  1.0106362 | 0.0104879412 |   1.228 |
|        -3.8054845 |  1.0101966 | 0.0106283308 |   1.223 |
|        -3.7841999 |  1.0067031 | 0.0104764936 |   1.219 |
|        -3.7629137 |  1.0221402 | 0.0105385564 |   1.214 |
|         -3.741633 |    1.00742 |  0.010529478 |    1.21 |
|        -3.7203483 | 0.99581406 |  0.010298408 |   1.206 |
|        -3.6990596 |  1.0061335 | 0.0103896816 |   1.201 |
|        -3.6777688 |  1.0066572 | 0.0104851624 |   1.197 |
|        -3.6351994 |   1.005998 | 0.0103767908 |   1.189 |
|        -3.6139144 |  1.0073992 |   0.01020778 |   1.185 |
|        -3.5926299 |  1.0044916 | 0.0104864516 |   1.181 |
|        -3.5713435 |  1.0065432 | 0.0103796696 |   1.177 |
|         -3.550055 |  1.0078991 |  0.010664398 |   1.173 |
|         -3.528766 |  1.0013117 |   0.01049619 |    1.17 |
|         -3.507487 | 0.99203808 | 0.0106025232 |   1.166 |
|        -3.4862004 | 0.99458339 | 0.0104126396 |   1.162 |
|        -3.4649138 |  1.0056689 | 0.0102508896 |   1.159 |
|        -3.4436293 |  0.9953577 | 0.0107729728 |   1.155 |
|        -3.4223535 |  1.0093928 | 0.0107158132 |   1.152 |
|        -3.4010635 |  1.0035706 | 0.0103374828 |   1.148 |
|        -3.3797848 |  1.0044356 | 0.0103158576 |   1.145 |
|        -3.3584981 |  1.0048913 | 0.0101910796 |   1.142 |
|        -3.3372108 |  1.0076078 | 0.0099899828 |   1.139 |
|        -3.3159238 | 0.99931501 | 0.0099190412 |   1.135 |
|        -3.2946643 | 0.99865676 | 0.0100426164 |   1.132 |
|        -3.2733795 |  1.0022891 | 0.0101601664 |   1.129 |
|        -3.2520884 | 0.99847176 | 0.0100373548 |   1.126 |
|        -3.2307875 |  1.0052641 | 0.0102576884 |   1.123 |
|        -3.2095167 | 0.99973185 | 0.0102262516 |    1.12 |
|        -3.1882283 |  1.0099595 |  0.010215468 |   1.117 |
|        -3.1669402 |  1.0022893 | 0.0103654984 |   1.114 |
|        -3.1456558 |  1.0042783 | 0.0101729204 |   1.111 |
|        -3.1243688 |  1.0077351 | 0.0101631116 |   1.109 |
|        -3.1030767 |  1.0139588 | 0.0103430968 |   1.106 |
|        -3.0817351 |  1.0061428 | 0.0102462548 |   1.103 |
|        -3.0604299 |  1.0106959 |  0.010216062 |   1.101 |
|          -3.03914 | 0.99862895 |  0.010110692 |   1.098 |
|        -3.0178195 |  1.0036598 | 0.0102696172 |   1.095 |
|        -2.9965365 |  1.0033421 |   0.01018501 |   1.093 |
|        -2.9752419 |  1.0071562 | 0.0102512032 |    1.09 |
|        -2.9539556 | 0.99756279 |  0.010190828 |   1.088 |
|        -2.9326723 |  1.0059542 | 0.0102253456 |   1.086 |
|        -2.9113919 |  1.0025189 | 0.0101504464 |   1.083 |
|         -2.890105 | 0.99701299 | 0.0101653404 |   1.081 |
|          -2.86881 |  0.9957842 |  0.010271986 |   1.079 |
|        -2.8475259 | 0.99432525 | 0.0100956692 |   1.076 |
|        -2.8262412 |  1.0022646 | 0.0102122648 |   1.074 |
|        -2.8049542 |  1.0004489 | 0.0102084568 |   1.072 |
|         -2.783667 |  1.0089847 | 0.0101179136 |    1.07 |
|        -2.7623799 |   1.000125 | 0.0101365644 |   1.068 |
|        -2.7410997 | 0.99836894 |  0.010058408 |   1.066 |
|        -2.6985222 |  1.0053391 | 0.0103864284 |   1.062 |
|        -2.6772096 |  1.0014741 | 0.0100474688 |    1.06 |
|        -2.6559244 |  1.0046621 | 0.0100835464 |   1.058 |
|        -2.6346418 | 0.99900368 | 0.0100606796 |   1.056 |
|        -2.6133788 |  1.0051521 | 0.0103608236 |   1.055 |
|        -2.5920948 | 0.99853775 | 0.0103536812 |   1.053 |
|         -2.570812 |  1.0060456 |  0.010219748 |   1.051 |
|        -2.5494897 |  1.0053938 |  0.010143574 |   1.049 |
|        -2.5282015 |  1.0031218 | 0.0102972688 |   1.048 |
|        -2.5069191 |  1.0060995 | 0.0102903552 |   1.046 |
|        -2.4856354 | 0.99938752 | 0.0101062396 |   1.044 |
|        -2.4643516 | 0.99398137 | 0.0100055568 |   1.043 |
|        -2.4430683 | 0.99490706 |  0.009972264 |   1.041 |
|        -2.4217818 | 0.99877675 | 0.0100983784 |    1.04 |
|        -2.4004989 |    1.01141 |  0.010091794 |   1.038 |
|        -2.3792167 | 0.99260648 | 0.0099776844 |   1.037 |
|        -2.3579327 | 0.99960149 | 0.0102064536 |   1.036 |
|         -2.336646 | 0.99344588 |  0.009906746 |   1.034 |
|        -2.3153603 |  1.0052521 | 0.0100571052 |   1.033 |
|         -2.294074 | 0.99716365 | 0.0100219928 |   1.032 |
|        -2.2727892 | 0.99171977 | 0.0101378628 |    1.03 |
|         -2.251503 |  1.0002108 |  0.010032266 |   1.029 |
|        -2.2302154 | 0.99387676 |  0.009979292 |   1.028 |
|        -2.2089278 |   0.996111 |  0.009969136 |   1.027 |
|        -2.1876383 | 0.99664542 | 0.0099932828 |   1.026 |
|        -2.1663489 |  1.0038315 | 0.0101465556 |   1.024 |
|        -2.1450635 |  1.0036545 | 0.0102160856 |   1.023 |
|        -2.1237799 | 0.99559214 | 0.0100407768 |   1.022 |
|        -2.1024884 | 0.99648841 | 0.0100784888 |   1.021 |
|        -2.0811985 | 0.99428314 | 0.0099889444 |    1.02 |
|        -2.0599118 | 0.99835195 | 0.0100623392 |   1.019 |
|        -2.0386263 |  1.0018429 |  0.010098786 |   1.018 |
|        -2.0173329 | 0.99417227 | 0.0100009004 |   1.018 |
|        -1.9960691 | 0.99780027 | 0.0100035316 |   1.017 |
|        -1.9747869 |  1.0046198 | 0.0100619832 |   1.016 |
|        -1.9534993 | 0.99353306 | 0.0100738232 |   1.015 |
|        -1.9322144 | 0.99793269 | 0.0099795092 |   1.014 |
|        -1.9109266 | 0.99345178 | 0.0100579764 |   1.014 |
|        -1.8896425 | 0.99430853 | 0.0101641364 |   1.013 |
|        -1.8683515 |  0.9990077 | 0.0099839984 |   1.012 |
|        -1.8470625 |  0.9962689 |  0.009961802 |   1.012 |
|        -1.8257635 |  1.0075759 |  0.010204868 |   1.011 |
|        -1.8044778 | 0.99887617 | 0.0099587584 |    1.01 |
|        -1.7832113 |  1.0054857 | 0.0101681932 |    1.01 |
|        -1.7619204 |  1.0016328 | 0.0100774108 |   1.009 |
|        -1.7406241 | 0.99154041 |  0.009849156 |   1.009 |
|        -1.7193345 |  1.0020078 | 0.0103149096 |   1.008 |
|        -1.6980541 | 0.99662047 |  0.010344274 |   1.008 |
|        -1.6767681 |  1.0057154 | 0.0101518868 |   1.007 |
|        -1.6554749 | 0.99368828 | 0.0099574996 |   1.007 |
|        -1.6341845 | 0.99213232 | 0.0097949944 |   1.007 |
|        -1.6128945 |  1.0010046 | 0.0099122416 |   1.006 |
|        -1.5916034 | 0.99924616 | 0.0099076432 |   1.006 |
|        -1.5703135 | 0.99466153 | 0.0098163236 |   1.006 |
|        -1.5490272 | 0.99465599 | 0.0100983068 |   1.006 |
|        -1.5277421 |  1.0005402 | 0.0100192364 |   1.005 |
|        -1.5064534 | 0.99438114 | 0.0099461924 |   1.005 |
|        -1.4851331 | 0.99854946 | 0.0099272804 |   1.005 |
|         -1.463762 | 0.98861438 | 0.0098798952 |   1.005 |
|        -1.4424256 | 0.99772043 | 0.0099903016 |   1.005 |
|          -1.42107 | 0.99119143 | 0.0098901916 |   1.005 |
|        -1.3997464 | 0.99889531 | 0.0099197956 |   1.005 |
|        -1.3784496 | 0.99044278 |  0.009681068 |   1.005 |
|        -1.3571502 | 0.99486182 | 0.0097714992 |   1.005 |
|        -1.3358176 |  0.9954852 |  0.009900474 |   1.005 |
|        -1.3144943 | 0.99691321 | 0.0097157328 |   1.005 |
|        -1.2931982 | 0.99852416 | 0.0097699456 |   1.005 |
|        -1.2718925 | 0.99839862 | 0.0098100452 |   1.005 |
|        -1.2505543 | 0.98855314 | 0.0097505668 |   1.005 |
|        -1.2292571 |  1.0041986 | 0.0099574892 |   1.006 |
|        -1.2079121 | 0.99773303 | 0.0102134052 |   1.006 |
|        -1.1864119 | 0.99231973 | 0.0097434168 |   1.006 |
|        -1.1648556 | 0.99749421 | 0.0097989844 |   1.006 |
|        -1.1432757 | 0.99251992 | 0.0097561348 |   1.007 |
|        -1.1217138 | 0.99472251 | 0.0098183144 |   1.007 |
|        -1.1001447 | 0.99771685 | 0.0098945372 |   1.007 |
|        -1.0786917 | 0.99987822 | 0.0103717088 |   1.008 |
|        -1.0572883 | 0.99732057 | 0.0101070588 |   1.008 |
|        -1.0359918 | 0.99754759 | 0.0100433512 |   1.009 |
|         -1.014699 |  1.0020267 | 0.0099642364 |   1.009 |
|       -0.99341132 | 0.99826423 |  0.010151316 |    1.01 |
|       -0.97212387 |  0.9966625 | 0.0098814388 |    1.01 |
|       -0.95083896 | 0.99768895 |  0.009878002 |   1.011 |
|       -0.92955304 | 0.99546339 | 0.0099017236 |   1.011 |
|       -0.90826621 | 0.99745094 | 0.0099059888 |   1.012 |
|       -0.88698229 | 0.99324256 | 0.0098767488 |   1.013 |
|       -0.86567354 |  1.0009541 | 0.0099567496 |   1.013 |
|       -0.84438941 | 0.99475962 | 0.0098683692 |   1.014 |
|       -0.82310593 | 0.99653884 |  0.009854402 |   1.015 |
|       -0.80182615 | 0.99530557 |  0.009805446 |   1.016 |
|       -0.78054763 | 0.99172701 |   0.00978942 |   1.016 |
|       -0.75925862 | 0.99228951 | 0.0097855424 |   1.017 |
|       -0.73797115 | 0.99547018 |  0.009799548 |   1.018 |
|       -0.71670296 | 0.99988886 |  0.009821714 |   1.019 |
|       -0.67411321 |  1.0047392 | 0.0100066408 |   1.021 |
|       -0.65283032 | 0.99973444 | 0.0098478904 |   1.022 |
|       -0.63155042 | 0.99575165 |  0.009781088 |   1.023 |
|       -0.61026839 | 0.98882772 | 0.0098053104 |   1.024 |
|       -0.58898444 | 0.99691482 | 0.0098243572 |   1.025 |
|       -0.56766572 |  1.0014852 | 0.0099020944 |   1.026 |
|       -0.54637922 |  1.0065667 | 0.0098540508 |   1.027 |
|        -0.5250935 | 0.99971102 | 0.0098694108 |   1.029 |
|       -0.50380809 | 0.99435297 |  0.009771002 |    1.03 |
|       -0.48252201 | 0.99049124 | 0.0098038072 |   1.031 |
|       -0.46121979 | 0.99672991 | 0.0098038052 |   1.032 |
|       -0.43993957 |  1.0079592 | 0.0098851112 |   1.034 |
|        -0.4186607 | 0.99886839 | 0.0096873516 |   1.035 |
|         -0.397377 |   1.004043 | 0.0099255632 |   1.036 |
|       -0.37609053 | 0.99516519 | 0.0097897112 |   1.038 |
|       -0.35480246 |   1.002018 | 0.0096902504 |   1.039 |
|       -0.33352101 | 0.99079972 | 0.0096021204 |   1.041 |
|       -0.31223339 | 0.99774895 |  0.009743942 |   1.042 |
|       -0.29094817 |  1.0007361 | 0.0099380628 |   1.044 |
|       -0.26966213 |  1.0043781 | 0.0101140912 |   1.045 |
|       -0.24837996 | 0.99524719 | 0.0097437108 |   1.047 |
|       -0.22709475 |  1.0061684 | 0.0100278848 |   1.049 |
|       -0.20581328 |  0.9971599 | 0.0098479212 |    1.05 |
|       -0.18454986 | 0.99543486 | 0.0098734072 |   1.052 |
|       -0.16326788 | 0.99330792 |  0.009838852 |   1.054 |
|       -0.14198078 |  1.0015021 | 0.0099271348 |   1.056 |
|        -0.1206947 | 0.99482713 | 0.0098268288 |   1.057 |
|      -0.099403773 | 0.99012644 | 0.0097364264 |   1.059 |
|      -0.078121606 | 0.99424425 | 0.0097476936 |   1.061 |
|      -0.056835741 | 0.98996272 | 0.0098195192 |   1.063 |
|      -0.035551451 | 0.99193007 |  0.009815548 |   1.065 |
|      -0.014262501 |  1.0023887 | 0.0098086436 |   1.067 |
|      0.0070317909 | 0.99782343 |  0.009735588 |   1.069 |
|       0.028319634 | 0.99783023 | 0.0099480944 |   1.071 |
|       0.049611636 |  1.0127641 | 0.0100769388 |   1.073 |
|       0.070890438 | 0.99373862 | 0.0099589588 |   1.076 |
|       0.092175856 |  0.9989199 | 0.0099326724 |   1.078 |
|        0.11345667 | 0.99953979 |  0.009928942 |    1.08 |
|        0.13474718 | 0.99920441 | 0.0099157636 |   1.082 |
|        0.15603294 |  1.0008219 | 0.0097113336 |   1.085 |
|        0.17732018 |  1.0025655 |  0.009802644 |   1.087 |
|         0.1986003 | 0.99768252 |   0.00994485 |   1.089 |
|        0.21991114 | 0.99804446 |  0.009794152 |   1.092 |
|        0.24119604 |  1.0001746 |  0.009825288 |   1.094 |
|        0.26248111 | 0.99921317 | 0.0098416916 |   1.097 |
|        0.28376437 | 0.99373352 | 0.0098377928 |     1.1 |
|        0.30505269 |  1.0010915 |  0.009922742 |   1.102 |
|        0.32633759 |  0.9966143 | 0.0098265876 |   1.105 |
|         0.3476236 | 0.99638755 | 0.0097920912 |   1.108 |
|        0.36890593 | 0.99830116 | 0.0098940056 |    1.11 |
|        0.39019101 |  1.0000584 | 0.0099676704 |   1.113 |
|         0.4114752 | 0.99289877 | 0.0104561376 |   1.116 |
|        0.43276212 | 0.99339179 | 0.0099515836 |   1.119 |
|        0.45407556 | 0.99563694 |  0.010026404 |   1.122 |
|        0.47536588 |  0.9939034 | 0.0099884196 |   1.125 |
|        0.49665185 | 0.99804929 | 0.0099786988 |   1.128 |
|        0.51793963 | 0.97414287 |  0.009839858 |   1.131 |
|        0.53922379 | 0.99334502 | 0.0099050172 |   1.134 |
|         0.5605109 | 0.99721909 | 0.0099301784 |   1.137 |
|        0.58182743 | 0.99519264 | 0.0100128524 |    1.14 |
|        0.60311656 | 0.99937295 |  0.010375426 |   1.144 |
|        0.62439974 |  1.0026891 |  0.010225652 |   1.147 |
|        0.64568509 | 0.99399934 | 0.0102250704 |    1.15 |
|        0.66694215 | 0.99841185 | 0.0101657408 |   1.154 |
|         0.6882301 | 0.99631853 | 0.0102372576 |   1.157 |
|         0.7095185 | 0.99682755 | 0.0103177644 |   1.161 |
|        0.73080416 | 0.99621168 | 0.0101819404 |   1.165 |
|        0.75209593 |  1.0050678 | 0.0102666952 |   1.168 |
|        0.77338417 | 0.99908209 | 0.0102295324 |   1.172 |
|        0.79466857 |  1.0064474 | 0.0102480988 |   1.176 |
|        0.81595929 | 0.99996844 | 0.0102225708 |    1.18 |
|        0.83724816 |  1.0024697 | 0.0103910884 |   1.183 |
|        0.85853855 |  1.0085508 | 0.0104491372 |   1.187 |
|        0.87982589 |  1.0019916 | 0.0106392608 |   1.191 |
|        0.90109129 |  1.0094113 | 0.0106867696 |   1.195 |
|        0.92238396 |  1.0048401 | 0.0112293528 |     1.2 |
|         0.9436731 |  1.0117363 | 0.0107284964 |   1.204 |
|         0.9649592 |  1.0064323 | 0.0105176552 |   1.208 |
|        0.98624663 |  1.0036561 | 0.0105189448 |   1.212 |
|         1.0075327 |  1.0020928 | 0.0104671088 |   1.217 |
|         1.0288198 |  1.0034583 |  0.010455372 |   1.221 |
|         1.0501104 | 0.99469828 |  0.010511704 |   1.226 |
|         1.0713952 | 0.99852943 | 0.0105393084 |    1.23 |
|         1.0926827 |  1.0017831 | 0.0105190944 |   1.235 |
|         1.1139714 |  0.9997813 | 0.0105550444 |    1.24 |
|         1.1352604 | 0.99584536 | 0.0104991352 |   1.244 |
|         1.1565445 |  1.0199192 | 0.0105968812 |   1.249 |
|         1.1778304 |  1.0007294 | 0.0105802252 |   1.254 |
|         1.1991148 | 0.99882718 | 0.0106756096 |   1.259 |
|         1.2204035 |  1.0051266 | 0.0107840816 |   1.264 |
|         1.2416932 | 0.99930723 | 0.0109062932 |    1.27 |
|         1.2629996 | 0.98850387 | 0.0113016336 |   1.275 |
|         1.2842866 | 0.99757907 | 0.0115568816 |    1.28 |
|         1.3055758 |  1.0150632 | 0.0122029816 |   1.285 |
|         1.3268633 | 0.99986052 |  0.011434146 |   1.291 |
|         1.3481439 |  1.0040285 | 0.0110853652 |   1.297 |
|         1.3694396 |  1.0075014 | 0.0110219116 |   1.302 |
|         1.3907259 | 0.99982037 | 0.0117243672 |   1.308 |
|         1.4120099 |  1.0004598 |  0.011419722 |   1.314 |
|         1.4332928 | 0.99433884 | 0.0116780712 |    1.32 |
|         1.4545817 |  1.0024349 | 0.0118091932 |   1.326 |
|         1.4758677 | 0.99280676 | 0.0113392144 |   1.332 |
|         1.4971568 |  1.0016422 |  0.011330352 |   1.338 |
|         1.5184443 | 0.99417987 | 0.0110189552 |   1.344 |
|         1.5610209 | 0.99283788 |  0.010807306 |   1.357 |
|         1.5823297 |  1.0039435 | 0.0113459676 |   1.364 |
|         1.6036168 | 0.99936276 | 0.0109724728 |    1.37 |
|         1.6248999 |  1.0027632 |  0.010953536 |   1.377 |
|          1.646187 |  1.0100968 | 0.0110915624 |   1.384 |
|         1.6674712 |  1.0053265 |  0.010957762 |   1.391 |
|         1.6887611 | 0.99437774 |  0.010971102 |   1.398 |
|         1.7100477 | 0.99918456 | 0.0110416708 |   1.405 |
|         1.7313302 | 0.99865836 | 0.0110461436 |   1.413 |
|         1.7526195 |  1.0001512 | 0.0112819072 |    1.42 |
|         1.7739096 |  1.0052298 | 0.0112105684 |   1.428 |
|          1.795194 | 0.99537737 | 0.0112991436 |   1.435 |
|         1.8164771 |  1.0027485 | 0.0113642708 |   1.443 |
|         1.8377657 |  1.0063503 | 0.0113090552 |   1.451 |
|         1.8590505 | 0.99779187 | 0.0110148924 |   1.459 |
|         1.8803402 |        1.0 | 0.0110127928 |   1.467 |
|         1.9016242 | 0.99417298 | 0.0110687336 |   1.476 |
|         1.9229171 | 0.99078183 |   0.01103015 |   1.484 |
|         1.9442026 |  1.0003739 | 0.0111425072 |   1.493 |
|         1.9654895 | 0.99931492 | 0.0110868452 |   1.502 |
|         1.9867744 | 0.99831752 | 0.0112663432 |   1.511 |
|         2.0080604 | 0.97901845 |   0.01112149 |    1.52 |
|         2.0293426 | 0.99739273 |  0.011104936 |   1.529 |
|         2.0506265 |  1.0001786 |   0.01125758 |   1.538 |
|         2.0719079 | 0.99322843 | 0.0113519716 |   1.548 |
|         2.0931978 |  1.0041191 |  0.011929428 |   1.557 |
|         2.1144856 | 0.99674216 |  0.011935986 |   1.567 |
|         2.1357764 |   0.996138 | 0.0117684492 |   1.577 |
|         2.1570659 |  1.0005547 | 0.0121588312 |   1.587 |
|         2.1783537 |  0.9937751 | 0.0118663796 |   1.597 |
|         2.1996406 |  1.0093745 | 0.0117380028 |   1.608 |
|         2.2209243 | 0.99238402 | 0.0117051192 |   1.619 |
|          2.242208 | 0.99546982 | 0.0118328764 |    1.63 |
|         2.2634933 | 0.99813664 | 0.0117376184 |   1.641 |
|         2.2847803 |  1.0000345 | 0.0116582676 |   1.652 |
|          2.306065 |  1.0002985 | 0.0118221524 |   1.663 |
|         2.3273491 |  1.0007909 | 0.0120333532 |   1.675 |
|         2.3486363 | 0.99911464 | 0.0118711184 |   1.687 |
|         2.3699216 |  1.0055074 | 0.0121803532 |   1.699 |
|           2.39121 |  1.0095431 |  0.012209464 |   1.711 |
|         2.4124989 |  0.9998995 | 0.0121554392 |   1.724 |
|         2.4337846 |  1.0031352 |  0.012306186 |   1.737 |
|          2.455072 |  1.0092807 |   0.01249812 |    1.75 |
|         2.4763804 |  1.0085234 |  0.012905116 |   1.763 |
|         2.5189524 | 0.99844047 |   0.01402462 |    1.79 |
|         2.5402373 |  1.0064474 | 0.0136447548 |   1.804 |
|         2.5615239 |  1.0075869 | 0.0132933944 |   1.818 |
|         2.5828096 |   1.005338 | 0.0131991884 |   1.833 |
|         2.6040757 |  1.0086559 | 0.0136518228 |   1.848 |
|          2.625359 | 0.99886625 | 0.0131837676 |   1.863 |
|         2.6466481 |  1.0026766 | 0.0142164572 |   1.878 |
|         2.6679351 |  1.0005999 | 0.0137183444 |   1.894 |
|         2.6893067 |  1.0035432 | 0.0134982328 |    1.91 |
|         2.7106012 | 0.99848526 | 0.0136842948 |   1.927 |
|         2.7318859 |   1.005668 | 0.0137605344 |   1.943 |
|         2.7531718 |  1.0026747 |  0.014190434 |    1.96 |
|         2.7744564 |  1.0008576 |  0.014220112 |   1.978 |
|         2.7957372 |  1.0122382 | 0.0140853004 |   1.996 |
|         2.8170511 |  1.0010626 | 0.0140631036 |   2.014 |
|         2.8383384 |  1.0063427 | 0.0140456432 |   2.032 |
|         2.8596192 |  1.0136824 |   0.01407632 |   2.051 |
|         2.8809043 |  1.0001817 | 0.0141677512 |    2.07 |
|         2.9021905 | 0.99978934 | 0.0137356708 |    2.09 |
|         2.9234769 |  1.0004291 |  0.013993922 |    2.11 |
|         2.9447625 |   1.010358 | 0.0138452456 |   2.131 |
|         2.9660517 |  1.0011487 | 0.0137120028 |   2.152 |
