| JD - 2457565 (hr) |       Flux |     Flux Err | Airmass |
|        -4.5079613 |  1.0074728 | 0.0088245764 |   1.416 |
|        -4.4866787 |  1.0066551 | 0.0087576356 |   1.408 |
|        -4.4653956 |  1.0094389 | 0.0087807528 |   1.401 |
|        -4.4441073 |  1.0026598 |  0.008760568 |   1.394 |
|        -4.4228128 | 0.99869782 |   0.00879343 |   1.387 |
|        -4.4015156 |  1.0026784 | 0.0086083076 |    1.38 |
|        -4.3802279 |  1.0111922 | 0.0087474228 |   1.373 |
|        -4.3589434 |  1.0173914 | 0.0088821884 |   1.366 |
|        -4.3376587 |  1.0100305 |  0.008866794 |    1.36 |
|        -4.3163706 |  1.0054575 | 0.0090127132 |   1.353 |
|        -4.2950823 |  1.0103019 |  0.009297868 |   1.347 |
|        -4.2737971 |  1.0100874 | 0.0094146664 |   1.341 |
|         -4.252515 |  1.0025187 | 0.0092481768 |   1.334 |
|        -4.2312308 |  1.0056463 | 0.0087581476 |   1.328 |
|        -4.2099406 |  1.0001389 | 0.0087100884 |   1.322 |
|        -4.1886509 |  1.0017697 | 0.0086589868 |   1.316 |
|        -4.1673621 |  1.0025286 | 0.0086223628 |    1.31 |
|        -4.1460789 |  1.0019091 | 0.0084776828 |   1.305 |
|        -4.1247933 |  1.0053909 | 0.0085827348 |   1.299 |
|        -4.1035074 |  1.0055011 | 0.0084902572 |   1.293 |
|        -4.0822223 |  1.0067696 | 0.0085691752 |   1.288 |
|        -4.0609334 |  1.0001808 | 0.0084092324 |   1.282 |
|        -4.0396478 |  1.0033315 | 0.0084830148 |   1.277 |
|          -4.01836 |  1.0050078 |  0.008564198 |   1.272 |
|        -3.9970688 |  1.0112093 | 0.0085315944 |   1.266 |
|        -3.9757763 |  1.0032072 | 0.0084538232 |   1.261 |
|        -3.9544877 |  1.0078652 | 0.0084712168 |   1.256 |
|        -3.9332025 |  1.0080696 | 0.0084785448 |   1.251 |
|        -3.9119164 |  1.0025301 |   0.00836323 |   1.246 |
|         -3.890629 |  1.0071689 | 0.0085752672 |   1.242 |
|        -3.8693396 |  1.0069325 | 0.0086685376 |   1.237 |
|        -3.8480549 |  1.0106529 | 0.0088765948 |   1.232 |
|        -3.8267708 |   1.012876 | 0.0085725704 |   1.228 |
|        -3.8054845 |  1.0054859 |  0.008600658 |   1.223 |
|        -3.7841999 |  1.0074233 | 0.0085877156 |   1.219 |
|        -3.7629137 |  1.0044243 | 0.0084435684 |   1.214 |
|         -3.741633 |  1.0075963 |   0.00862328 |    1.21 |
|        -3.7203483 |  1.0151087 | 0.0086324708 |   1.206 |
|        -3.6990596 |  1.0055073 | 0.0085791968 |   1.201 |
|        -3.6777688 |  1.0014807 | 0.0085449156 |   1.197 |
|        -3.6351994 |  1.0087937 | 0.0085168972 |   1.189 |
|        -3.6139144 |  1.0042641 |  0.008418164 |   1.185 |
|        -3.5926299 |  1.0040383 | 0.0086022616 |   1.181 |
|        -3.5713435 |  1.0097821 | 0.0085656356 |   1.177 |
|         -3.550055 |  1.0081754 | 0.0087175576 |   1.173 |
|         -3.528766 |  1.0006208 | 0.0085345556 |    1.17 |
|         -3.507487 |  1.0125469 | 0.0088108872 |   1.166 |
|        -3.4862004 |  1.0074957 | 0.0085638796 |   1.162 |
|        -3.4649138 |  1.0036669 |   0.00834874 |   1.159 |
|        -3.4436293 |  1.0079937 | 0.0086709032 |   1.155 |
|        -3.4223535 |  1.0068252 | 0.0086564588 |   1.152 |
|        -3.4010635 | 0.99538322 | 0.0083909596 |   1.148 |
|        -3.3797848 |  1.0092162 |  0.008513062 |   1.145 |
|        -3.3584981 |   1.002886 | 0.0083308748 |   1.142 |
|        -3.3372108 |  1.0063935 |  0.008232794 |   1.139 |
|        -3.3159238 |  1.0049669 |  0.008243438 |   1.135 |
|        -3.2946643 | 0.99700307 | 0.0082918632 |   1.132 |
|        -3.2733795 |  1.0102281 | 0.0084426452 |   1.129 |
|        -3.2520884 |  1.0038907 | 0.0083361196 |   1.126 |
|        -3.2307875 |  1.0022603 | 0.0084439156 |   1.123 |
|        -3.2095167 |  1.0135932 | 0.0085223348 |    1.12 |
|        -3.1882283 |  1.0108867 | 0.0084963356 |   1.117 |
|        -3.1669402 |  1.0039102 |  0.008524344 |   1.114 |
|        -3.1456558 |  1.0010462 | 0.0084295024 |   1.111 |
|        -3.1243688 |  1.0039116 | 0.0083800492 |   1.109 |
|        -3.1030767 |  1.0072219 |   0.00844056 |   1.106 |
|        -3.0817351 |  1.0068532 | 0.0084108648 |   1.103 |
|        -3.0604299 |  1.0027854 | 0.0083779036 |   1.101 |
|          -3.03914 |  1.0074691 | 0.0084282112 |   1.098 |
|        -3.0178195 |  1.0078005 |  0.008540908 |   1.095 |
|        -2.9965365 |  1.0002117 | 0.0083290492 |   1.093 |
|        -2.9752419 |  1.0090667 | 0.0084150004 |    1.09 |
|        -2.9539556 |  1.0081072 | 0.0084035968 |   1.088 |
|        -2.9326723 |  1.0102204 | 0.0084118636 |   1.086 |
|        -2.9113919 |  1.0036819 | 0.0083164892 |   1.083 |
|         -2.890105 | 0.99586268 | 0.0082771448 |   1.081 |
|          -2.86881 |  0.9973072 | 0.0084107468 |   1.079 |
|        -2.8475259 |  1.0023517 | 0.0083824484 |   1.076 |
|        -2.8262412 |  1.0048284 | 0.0083937668 |   1.074 |
|        -2.8049542 | 0.99866059 | 0.0083983012 |   1.072 |
|         -2.783667 |  1.0068038 | 0.0083853444 |    1.07 |
|        -2.7623799 |  1.0009195 | 0.0084112512 |   1.068 |
|        -2.7410997 |   1.001103 |  0.008391572 |   1.066 |
|        -2.7198104 | 0.99470996 | 0.0084538008 |   1.064 |
|        -2.6985222 |  0.9942128 |  0.008481124 |   1.062 |
|        -2.6772096 |  1.0091537 | 0.0084989056 |    1.06 |
|        -2.6559244 |  1.0008839 | 0.0083572824 |   1.058 |
|        -2.6346418 |  1.0066068 | 0.0084416816 |   1.056 |
|        -2.6133788 |  1.0015049 |  0.008539054 |   1.055 |
|        -2.5920948 |  1.0062154 | 0.0086341288 |   1.053 |
|         -2.570812 |  1.0030831 | 0.0084985448 |   1.051 |
|        -2.5494897 |   1.000782 |  0.008389652 |   1.049 |
|        -2.5282015 |  1.0089556 | 0.0084887912 |   1.048 |
|        -2.5069191 | 0.99706565 | 0.0084264212 |   1.046 |
|        -2.4856354 |  1.0058286 | 0.0083836016 |   1.044 |
|        -2.4643516 | 0.99564942 | 0.0082896012 |   1.043 |
|        -2.4430683 |   1.001778 |  0.008317298 |   1.041 |
|        -2.4217818 | 0.99148936 | 0.0083801436 |    1.04 |
|        -2.4004989 | 0.99845896 | 0.0083841036 |   1.038 |
|        -2.3792167 | 0.99978475 | 0.0083442476 |   1.037 |
|        -2.3579327 |  1.0082418 |  0.008521828 |   1.036 |
|         -2.336646 | 0.99788126 | 0.0082888396 |   1.034 |
|        -2.3153603 | 0.99924324 | 0.0082565092 |   1.033 |
|         -2.294074 | 0.99060362 | 0.0082148432 |   1.032 |
|        -2.2727892 |  1.0053614 | 0.0083925644 |    1.03 |
|         -2.251503 | 0.98814525 | 0.0082020036 |   1.029 |
|        -2.2302154 |  1.0041183 | 0.0083660304 |   1.028 |
|        -2.2089278 |  1.0016382 |  0.008367116 |   1.027 |
|        -2.1876383 |   1.000317 |  0.008293972 |   1.026 |
|        -2.1663489 | 0.99497225 | 0.0083686864 |   1.024 |
|        -2.1450635 |  1.0104501 | 0.0085355072 |   1.023 |
|        -2.1237799 |  1.0029575 | 0.0084048528 |   1.022 |
|        -2.1024884 |   1.000981 | 0.0083335768 |   1.021 |
|        -2.0811985 |  1.0024046 | 0.0083612148 |    1.02 |
|        -2.0599118 | 0.99778925 | 0.0083719272 |   1.019 |
|        -2.0386263 | 0.99945389 | 0.0083878388 |   1.018 |
|        -2.0173329 | 0.99957879 | 0.0083640504 |   1.018 |
|        -1.9960691 |  1.0026207 | 0.0083997332 |   1.017 |
|        -1.9747869 |  1.0014358 | 0.0083869784 |   1.016 |
|        -1.9534993 | 0.99765637 |  0.008417158 |   1.015 |
|        -1.9322144 | 0.99874382 | 0.0083348548 |   1.014 |
|        -1.9109266 | 0.99820752 | 0.0084042112 |   1.014 |
|        -1.8896425 | 0.99861988 | 0.0085193872 |   1.013 |
|        -1.8683515 | 0.99970012 | 0.0084071608 |   1.012 |
|        -1.8470625 |        1.0 | 0.0083602608 |   1.012 |
|        -1.8257635 |  1.0028291 |  0.008493628 |   1.011 |
|        -1.8044778 | 0.98953899 | 0.0082473536 |    1.01 |
|        -1.7832113 |  1.0068192 |  0.008524702 |    1.01 |
|        -1.7619204 | 0.99949425 | 0.0084352328 |   1.009 |
|        -1.7406241 | 0.99716381 | 0.0083519208 |   1.009 |
|        -1.7193345 |  1.0005004 | 0.0086922352 |   1.008 |
|        -1.6980541 |  1.0019122 |  0.008713198 |   1.008 |
|        -1.6767681 | 0.99872924 | 0.0084216076 |   1.007 |
|        -1.6554749 |   1.001056 | 0.0083945004 |   1.007 |
|        -1.6341845 | 0.99097571 | 0.0082420836 |   1.007 |
|        -1.6128945 |  1.0034213 | 0.0083897212 |   1.006 |
|        -1.5916034 | 0.99669729 | 0.0083600884 |   1.006 |
|        -1.5703135 |  1.0018841 | 0.0083645908 |   1.006 |
|        -1.5490272 | 0.99816811 | 0.0085638556 |   1.006 |
|        -1.5277421 |  0.9959506 | 0.0084363512 |   1.005 |
|        -1.5064534 |  0.9965783 |  0.008399586 |   1.005 |
|        -1.4851331 | 0.99587812 |  0.008374702 |   1.005 |
|         -1.463762 |  1.0047543 |   0.00851536 |   1.005 |
|        -1.4424256 |  1.0041721 | 0.0085461524 |   1.005 |
|          -1.42107 | 0.99460745 | 0.0084322724 |   1.005 |
|        -1.3997464 | 0.99986087 | 0.0084330548 |   1.005 |
|        -1.3784496 | 0.99358397 | 0.0082400948 |   1.005 |
|        -1.3571502 |  1.0020118 | 0.0083213176 |   1.005 |
|        -1.3358176 | 0.99808575 | 0.0083721732 |   1.005 |
|        -1.3144943 |  1.0021958 | 0.0083103536 |   1.005 |
|        -1.2931982 | 0.99830143 |  0.008322958 |   1.005 |
|        -1.2718925 | 0.99907138 | 0.0083754408 |   1.005 |
|        -1.2292571 |  1.0009779 | 0.0084938972 |   1.006 |
|        -1.2079121 |  1.0008041 |  0.008725192 |   1.006 |
|        -1.1864119 |  1.0066918 | 0.0084253512 |   1.006 |
|        -1.1648556 | 0.99603227 | 0.0083915828 |   1.006 |
|        -1.1432757 | 0.99563736 | 0.0083442572 |   1.007 |
|        -1.1217138 | 0.99281974 | 0.0083668952 |   1.007 |
|        -1.1001447 | 0.99743201 |  0.008454148 |   1.007 |
|        -1.0786917 |  1.0084656 | 0.0089261044 |   1.008 |
|        -1.0572883 |  1.0009071 | 0.0086144656 |   1.008 |
|        -1.0359918 |  1.0060048 | 0.0085654052 |   1.009 |
|         -1.014699 |  0.9978067 | 0.0084391292 |   1.009 |
|       -0.99341132 |  1.0000535 | 0.0085467484 |    1.01 |
|       -0.97212387 | 0.99538348 | 0.0083748564 |    1.01 |
|       -0.95083896 | 0.99936336 | 0.0083973476 |   1.011 |
|       -0.92955304 |  1.0048174 |  0.008408052 |   1.011 |
|       -0.90826621 |   1.000611 | 0.0084484732 |   1.012 |
|       -0.88698229 |  1.0029316 | 0.0084497596 |   1.013 |
|       -0.86567354 | 0.99571165 | 0.0083800424 |   1.013 |
|       -0.84438941 |  1.0000707 | 0.0083776744 |   1.014 |
|       -0.82310593 |  1.0035196 | 0.0084588824 |   1.015 |
|       -0.80182615 | 0.99773162 | 0.0083027268 |   1.016 |
|       -0.78054763 |  0.9889842 | 0.0082481288 |   1.016 |
|       -0.75925862 | 0.99995157 | 0.0084029244 |   1.017 |
|       -0.73797115 | 0.99772459 | 0.0083599216 |   1.018 |
|       -0.71670296 | 0.99743817 | 0.0083555304 |   1.019 |
|       -0.69542237 |  1.0016089 | 0.0084156812 |    1.02 |
|       -0.67411321 |  1.0019077 | 0.0084292468 |   1.021 |
|       -0.65283032 |  1.0026327 | 0.0084182252 |   1.022 |
|       -0.63155042 |  1.0017092 | 0.0084552948 |   1.023 |
|       -0.61026839 | 0.99808939 | 0.0084418308 |   1.024 |
|       -0.58898444 | 0.99600641 | 0.0083741628 |   1.025 |
|       -0.54637922 |  1.0010579 | 0.0083876716 |   1.027 |
|        -0.5250935 |  1.0045893 | 0.0084536176 |   1.029 |
|       -0.50380809 | 0.99983691 | 0.0083340088 |    1.03 |
|       -0.48252201 |  1.0044419 | 0.0085475016 |   1.031 |
|       -0.46121979 |  1.0033885 | 0.0084806456 |   1.032 |
|       -0.43993957 | 0.99769135 |  0.008332656 |   1.034 |
|        -0.4186607 | 0.99685934 | 0.0083453632 |   1.035 |
|         -0.397377 |  1.0105042 |  0.008641732 |   1.036 |
|       -0.37609053 |  1.0010113 | 0.0084985612 |   1.038 |
|       -0.35480246 | 0.99919073 | 0.0083199868 |   1.039 |
|       -0.33352101 | 0.99617236 | 0.0083411748 |   1.041 |
|       -0.31223339 | 0.99925522 |  0.008435964 |   1.042 |
|       -0.29094817 |  1.0083016 | 0.0087385916 |   1.044 |
|       -0.26966213 | 0.99125336 | 0.0085357072 |   1.045 |
|       -0.24837996 | 0.99992562 | 0.0084085992 |   1.047 |
|       -0.22709475 |  1.0020574 | 0.0085416416 |   1.049 |
|       -0.20581328 |  1.0032939 | 0.0084845044 |    1.05 |
|       -0.18454986 |  0.9998922 | 0.0084933236 |   1.052 |
|       -0.16326788 | 0.99910142 | 0.0084489072 |   1.054 |
|       -0.14198078 | 0.99843084 | 0.0084702816 |   1.056 |
|        -0.1206947 | 0.99827504 | 0.0084124356 |   1.057 |
|      -0.099403773 |  1.0053488 |    0.0084545 |   1.059 |
|      -0.078121606 | 0.99242891 | 0.0083681508 |   1.061 |
|      -0.056835741 | 0.99420021 | 0.0084108688 |   1.063 |
|      -0.035551451 | 0.99503674 | 0.0083877848 |   1.065 |
|      -0.014262501 | 0.99389582 | 0.0083235004 |   1.067 |
|      0.0070317909 |  1.0002639 | 0.0083897432 |   1.069 |
|       0.028319634 | 0.99428657 | 0.0085743672 |   1.071 |
|       0.049611636 | 0.99556731 | 0.0085217944 |   1.073 |
|       0.070890438 |  1.0013195 | 0.0086033424 |   1.076 |
|       0.092175856 | 0.99455312 | 0.0084884116 |   1.078 |
|        0.11345667 | 0.98998677 | 0.0084793692 |    1.08 |
|        0.13474718 | 0.99919637 | 0.0084566792 |   1.082 |
|        0.15603294 |  1.0046627 | 0.0083338156 |   1.085 |
|        0.17732018 | 0.99833979 | 0.0083993624 |   1.087 |
|         0.1986003 | 0.99359569 | 0.0084845588 |   1.089 |
|        0.21991114 | 0.99900681 | 0.0084083152 |   1.092 |
|        0.24119604 | 0.99941388 | 0.0084729316 |   1.094 |
|        0.26248111 | 0.99484423 | 0.0084090496 |   1.097 |
|        0.28376437 | 0.99407957 | 0.0083968168 |     1.1 |
|        0.30505269 |  1.0006921 | 0.0085272068 |   1.102 |
|        0.32633759 | 0.99155107 |  0.008370308 |   1.105 |
|         0.3476236 | 0.99318723 |  0.008377922 |   1.108 |
|        0.36890593 |  1.0032838 | 0.0085654932 |    1.11 |
|        0.39019101 | 0.99162094 | 0.0085560184 |   1.113 |
|         0.4114752 | 0.98785995 | 0.0089117428 |   1.116 |
|        0.43276212 |  1.0013434 | 0.0086523176 |   1.119 |
|        0.45407556 | 0.99370809 | 0.0085979668 |   1.122 |
|        0.47536588 | 0.99089108 | 0.0085678212 |   1.125 |
|        0.49665185 | 0.99035964 | 0.0084804252 |   1.128 |
|        0.51793963 | 0.99879963 | 0.0085449588 |   1.131 |
|        0.53922379 | 0.99571504 | 0.0084774944 |   1.134 |
|         0.5605109 | 0.99581511 | 0.0084072232 |   1.137 |
|        0.58182743 | 0.99420481 |  0.008557226 |    1.14 |
|        0.60311656 |  1.0035815 | 0.0087639904 |   1.144 |
|        0.62439974 |   1.002783 | 0.0086915592 |   1.147 |
|        0.64568509 | 0.99697703 | 0.0086949204 |    1.15 |
|        0.66694215 | 0.99846677 |  0.008646514 |   1.154 |
|         0.6882301 | 0.99840984 | 0.0086513372 |   1.157 |
|         0.7095185 |  0.9973151 | 0.0087511572 |   1.161 |
|        0.73080416 | 0.99788074 | 0.0087682964 |   1.165 |
|        0.75209593 |  0.9964133 | 0.0087074288 |   1.168 |
|        0.77338417 | 0.99891715 |  0.008718106 |   1.172 |
|        0.79466857 | 0.99334181 | 0.0084988276 |   1.176 |
|        0.81595929 | 0.99583343 | 0.0086108408 |    1.18 |
|        0.83724816 | 0.99738123 | 0.0087160928 |   1.183 |
|        0.85853855 |  1.0157356 | 0.0088630108 |   1.187 |
|        0.87982589 |  0.9917763 | 0.0088882656 |   1.191 |
|        0.90109129 | 0.99516728 |  0.008890566 |   1.195 |
|        0.92238396 |  0.9998298 |  0.009494662 |     1.2 |
|         0.9436731 |  1.0088236 | 0.0088978068 |   1.204 |
|         0.9649592 | 0.99811022 | 0.0087267096 |   1.208 |
|        0.98624663 | 0.98794979 | 0.0086289232 |   1.212 |
|         1.0075327 | 0.99428518 | 0.0086811768 |   1.217 |
|         1.0288198 | 0.99839847 | 0.0087277448 |   1.221 |
|         1.0501104 | 0.99453047 | 0.0086997908 |   1.226 |
|         1.0713952 |  1.0029146 | 0.0087662424 |    1.23 |
|         1.0926827 |  1.0016547 |  0.008666956 |   1.235 |
|         1.1139714 | 0.98943041 | 0.0086657388 |    1.24 |
|         1.1352604 | 0.99319261 | 0.0086306224 |   1.244 |
|         1.1565445 |  0.9991377 |  0.008706028 |   1.249 |
|         1.1778304 | 0.99938758 |  0.008813612 |   1.254 |
|         1.1991148 | 0.98881166 | 0.0088580936 |   1.259 |
|         1.2204035 |  1.0011504 | 0.0089431832 |   1.264 |
|         1.2416932 | 0.99328036 | 0.0089433468 |    1.27 |
|         1.2629996 |   1.003445 | 0.0095310236 |   1.275 |
|         1.2842866 | 0.99952818 | 0.0096828524 |    1.28 |
|         1.3055758 | 0.99610023 | 0.0098956252 |   1.285 |
|         1.3268633 | 0.99964588 | 0.0093359084 |   1.291 |
|         1.3481439 |  1.0012293 | 0.0091833272 |   1.297 |
|         1.3694396 |  1.0031975 |  0.008994148 |   1.302 |
|         1.3907259 |  0.9965553 | 0.0097278832 |   1.308 |
|         1.4120099 |  1.0084568 | 0.0096128092 |   1.314 |
|         1.4332928 | 0.99694214 | 0.0097343316 |    1.32 |
|         1.4545817 |  1.0081241 | 0.0099251244 |   1.326 |
|         1.4758677 |  1.0014468 | 0.0093523908 |   1.332 |
|         1.4971568 |  0.9933813 | 0.0092178956 |   1.338 |
|         1.5184443 | 0.99291383 |  0.009005508 |   1.344 |
|         1.5610209 | 0.99253888 | 0.0087342964 |   1.357 |
|         1.5823297 |  1.0156701 | 0.0094732808 |   1.364 |
|         1.6036168 | 0.99304489 | 0.0088433288 |    1.37 |
|         1.6248999 |  0.9920977 | 0.0087566592 |   1.377 |
|          1.646187 | 0.99662161 | 0.0089451064 |   1.384 |
|         1.6674712 | 0.99978918 | 0.0088655632 |   1.391 |
|         1.6887611 | 0.98817762 | 0.0088138892 |   1.398 |
|         1.7100477 | 0.99960179 | 0.0089400316 |   1.405 |
|         1.7313302 | 0.99524912 | 0.0088658848 |   1.413 |
|         1.7526195 | 0.98876435 | 0.0087928644 |    1.42 |
|         1.7739096 | 0.99384626 |  0.008815866 |   1.428 |
|          1.795194 | 0.99464486 | 0.0090491732 |   1.435 |
|         1.8164771 | 0.99144995 |  0.009032408 |   1.443 |
|         1.8377657 |  1.0013968 | 0.0089762208 |   1.451 |
|         1.8590505 | 0.99024368 | 0.0088207676 |   1.459 |
|         1.8803402 | 0.99298457 | 0.0088235112 |   1.467 |
|         1.9016242 |  1.0049437 | 0.0089798308 |   1.476 |
|         1.9229171 |  0.9975648 |   0.00893542 |   1.484 |
|         1.9442026 |  0.9888981 | 0.0088330124 |   1.493 |
|         1.9654895 | 0.99553155 |  0.008842966 |   1.502 |
|         1.9867744 | 0.98991351 |  0.008914554 |   1.511 |
|         2.0080604 | 0.99719471 | 0.0088482512 |    1.52 |
|         2.0293426 |  1.0009755 | 0.0089880888 |   1.529 |
|         2.0506265 | 0.99685309 | 0.0089186388 |   1.538 |
|         2.0719079 |  1.0036069 | 0.0088908992 |   1.548 |
|         2.0931978 | 0.99472358 | 0.0091502232 |   1.557 |
|         2.1144856 | 0.99191734 | 0.0091476712 |   1.567 |
|         2.1357764 | 0.99192533 | 0.0089990812 |   1.577 |
|         2.1570659 |  0.9882336 | 0.0091640764 |   1.587 |
|         2.1783537 | 0.99998698 | 0.0089491076 |   1.597 |
|         2.1996406 | 0.98999935 |  0.008883954 |   1.608 |
|         2.2209243 | 0.99813739 |  0.009130012 |   1.619 |
|          2.242208 | 0.99986894 | 0.0090794856 |    1.63 |
|         2.2634933 |     1.0001 | 0.0090627368 |   1.641 |
|         2.2847803 | 0.99929097 | 0.0089660952 |   1.652 |
|          2.306065 | 0.99897244 |   0.00909509 |   1.663 |
|         2.3273491 | 0.99893538 | 0.0091605016 |   1.675 |
|         2.3486363 |  1.0025872 | 0.0090789912 |   1.687 |
|         2.3699216 |  0.9967097 | 0.0091344984 |   1.699 |
|           2.39121 | 0.98853791 | 0.0090241036 |   1.711 |
|         2.4124989 | 0.99611126 | 0.0091809952 |   1.724 |
|         2.4337846 | 0.99882107 | 0.0091208856 |   1.737 |
|          2.455072 | 0.98893812 | 0.0092007564 |    1.75 |
|         2.4763804 |   1.004476 | 0.0093925428 |   1.763 |
|         2.4976665 |  1.0019767 | 0.0097697776 |   1.776 |
|         2.5189524 | 0.99869487 | 0.0099254444 |    1.79 |
|         2.5402373 |  1.0042588 | 0.0098732776 |   1.804 |
|         2.5615239 |  0.9943718 | 0.0094024704 |   1.818 |
|         2.5828096 |  0.9940695 | 0.0093847144 |   1.833 |
|         2.6040757 | 0.99372518 | 0.0095882456 |   1.848 |
|          2.625359 | 0.99303638 |  0.009489748 |   1.863 |
|         2.6466481 |  1.0006319 | 0.0100088624 |   1.878 |
|         2.6679351 | 0.99341099 | 0.0096758428 |   1.894 |
|         2.6893067 |  1.0017122 | 0.0096620732 |    1.91 |
|         2.7106012 | 0.99910211 | 0.0096006776 |   1.927 |
|         2.7318859 |  1.0123322 | 0.0097403532 |   1.943 |
|         2.7531718 |  1.0008776 | 0.0097609736 |    1.96 |
|         2.7744564 | 0.99459504 | 0.0095382764 |   1.978 |
|         2.7957372 |  1.0012131 | 0.0096361032 |   1.996 |
|         2.8170511 | 0.99657621 |   0.00959195 |   2.014 |
|         2.8383384 | 0.99576711 | 0.0095343128 |   2.032 |
|         2.8596192 | 0.99738913 | 0.0094913536 |   2.051 |
|         2.8809043 | 0.99899067 |  0.009833148 |    2.07 |
|         2.9021905 | 0.98511013 | 0.0095238956 |    2.09 |
|         2.9234769 |  1.0017079 |  0.009798868 |    2.11 |
|         2.9447625 | 0.99464026 | 0.0095953768 |   2.131 |
|         2.9660517 |  1.0055463 | 0.0096849612 |   2.152 |
