| JD - 2457565 (hr) |       Flux |     Flux Err | Airmass |
|        -4.5079613 |  1.0070045 | 0.0074107208 |   1.416 |
|        -4.4866787 |  1.0022258 | 0.0073572796 |   1.408 |
|        -4.4653956 |  1.0030519 | 0.0073844952 |   1.401 |
|        -4.4441073 |  1.0039645 | 0.0074097984 |   1.394 |
|        -4.4228128 |  1.0045069 | 0.0074179192 |   1.387 |
|        -4.4015156 |   1.007035 | 0.0073492592 |    1.38 |
|        -4.3802279 |  1.0044312 |   0.00725368 |   1.373 |
|        -4.3589434 |  1.0071261 | 0.0074187352 |   1.366 |
|        -4.3376587 |  1.0104577 | 0.0074710916 |    1.36 |
|        -4.3163706 |  1.0039762 |  0.007504516 |   1.353 |
|        -4.2950823 |  1.0050408 |  0.007692566 |   1.347 |
|        -4.2737971 |  1.0085424 |  0.007828804 |   1.341 |
|         -4.252515 |  1.0071955 | 0.0077493024 |   1.334 |
|        -4.2312308 |  1.0059129 | 0.0073977648 |   1.328 |
|        -4.2099406 |  1.0012468 | 0.0073571048 |   1.322 |
|        -4.1886509 |   1.001565 | 0.0072782992 |   1.316 |
|        -4.1673621 |  1.0029286 | 0.0072309564 |    1.31 |
|        -4.1460789 | 0.99841195 | 0.0070894788 |   1.305 |
|        -4.1247933 |  1.0066897 |  0.007223362 |   1.299 |
|        -4.1035074 |  1.0019715 | 0.0071109188 |   1.293 |
|        -4.0822223 |  1.0067267 | 0.0072099184 |   1.288 |
|        -4.0609334 | 0.99809788 | 0.0070318144 |   1.282 |
|        -4.0396478 |  1.0055412 |   0.00714417 |   1.277 |
|          -4.01836 |  1.0065899 | 0.0071814308 |   1.272 |
|        -3.9970688 |  1.0056397 | 0.0071135856 |   1.266 |
|        -3.9757763 |  1.0003384 | 0.0071324412 |   1.261 |
|        -3.9544877 |  1.0047386 |  0.007163114 |   1.256 |
|        -3.9332025 |  1.0039126 | 0.0071264604 |   1.251 |
|        -3.9119164 |  1.0022494 |  0.007081216 |   1.246 |
|         -3.890629 |  1.0096261 | 0.0072828828 |   1.242 |
|        -3.8693396 |  1.0031486 | 0.0073071792 |   1.237 |
|        -3.8480549 |  1.0095124 |  0.007479754 |   1.232 |
|        -3.8267708 |  1.0061222 | 0.0072464572 |   1.228 |
|        -3.8054845 |  1.0075465 | 0.0073481292 |   1.223 |
|        -3.7841999 |  1.0061437 | 0.0073818896 |   1.219 |
|        -3.7629137 |  1.0140589 | 0.0073226136 |   1.214 |
|         -3.741633 |  1.0091322 | 0.0073262484 |    1.21 |
|        -3.7203483 |  1.0049843 |  0.007241952 |   1.206 |
|        -3.6990596 |  1.0034422 | 0.0072679604 |   1.201 |
|        -3.6777688 |  1.0005875 | 0.0072454012 |   1.197 |
|        -3.6564842 |   1.019354 | 0.0146502644 |   1.193 |
|        -3.6351994 |  1.0080403 | 0.0072610284 |   1.189 |
|        -3.6139144 |    1.00152 |    0.0071158 |   1.185 |
|        -3.5926299 | 0.99885737 |    0.0072054 |   1.181 |
|        -3.5713435 |  1.0035265 | 0.0072075256 |   1.177 |
|         -3.550055 |  1.0101723 |  0.007445134 |   1.173 |
|         -3.528766 |  1.0023302 | 0.0073407712 |    1.17 |
|         -3.507487 | 0.99938612 | 0.0074025864 |   1.166 |
|        -3.4862004 |  1.0032075 | 0.0072697648 |   1.162 |
|        -3.4649138 |  1.0048189 | 0.0071478884 |   1.159 |
|        -3.4436293 |  1.0043792 |  0.007377376 |   1.155 |
|        -3.4223535 |  1.0098521 | 0.0074155416 |   1.152 |
|        -3.4010635 |  1.0045273 | 0.0072248796 |   1.148 |
|        -3.3797848 |  1.0021945 |  0.007237148 |   1.145 |
|        -3.3584981 |  1.0063575 | 0.0072233064 |   1.142 |
|        -3.3372108 |  1.0010746 | 0.0070288692 |   1.139 |
|        -3.3159238 |  1.0055782 | 0.0070454276 |   1.135 |
|        -3.2946643 |  1.0033445 |  0.007143368 |   1.132 |
|        -3.2733795 |  1.0036472 | 0.0071480308 |   1.129 |
|        -3.2520884 |  1.0059368 | 0.0071600524 |   1.126 |
|        -3.2307875 |  1.0034148 | 0.0071688244 |   1.123 |
|        -3.2095167 |  1.0080293 |  0.007205658 |    1.12 |
|        -3.1882283 |  1.0079106 | 0.0072161704 |   1.117 |
|        -3.1669402 |  1.0013782 | 0.0072034256 |   1.114 |
|        -3.1456558 |  1.0021364 |  0.007166024 |   1.111 |
|        -3.1243688 |  1.0056753 | 0.0071553616 |   1.109 |
|        -3.1030767 |  1.0021278 |  0.007156026 |   1.106 |
|        -3.0817351 |  1.0076312 | 0.0072026372 |   1.103 |
|        -3.0604299 |  1.0026623 |  0.007152618 |   1.101 |
|          -3.03914 |  1.0032452 | 0.0071947424 |   1.098 |
|        -3.0178195 |  1.0074983 | 0.0072649356 |   1.095 |
|        -2.9965365 |  1.0008062 | 0.0071188744 |   1.093 |
|        -2.9752419 |  1.0013109 |  0.007120536 |    1.09 |
|        -2.9539556 |  1.0054647 | 0.0071414076 |   1.088 |
|        -2.9326723 | 0.99997851 | 0.0071462436 |   1.086 |
|        -2.9113919 |  1.0062895 | 0.0071544496 |   1.083 |
|         -2.890105 | 0.99967726 | 0.0071572228 |   1.081 |
|          -2.86881 | 0.99920313 | 0.0072159408 |   1.079 |
|        -2.8475259 | 0.99468337 | 0.0071122052 |   1.076 |
|        -2.8262412 |  1.0052339 |  0.007198326 |   1.074 |
|        -2.8049542 | 0.99981448 | 0.0071653892 |   1.072 |
|         -2.783667 |  1.0093097 | 0.0071681708 |    1.07 |
|        -2.7623799 |  1.0027531 | 0.0071569392 |   1.068 |
|        -2.7410997 | 0.99608382 | 0.0071364452 |   1.066 |
|        -2.7198104 |  1.0054522 |   0.00725161 |   1.064 |
|        -2.6985222 |  1.0016738 | 0.0072765564 |   1.062 |
|        -2.6772096 |  1.0060867 | 0.0071603048 |    1.06 |
|        -2.6559244 |  1.0028749 | 0.0071473848 |   1.058 |
|        -2.6346418 |  1.0057079 | 0.0071705652 |   1.056 |
|        -2.6133788 |  1.0079379 | 0.0072989204 |   1.055 |
|        -2.5920948 | 0.99645449 | 0.0072412132 |   1.053 |
|         -2.570812 |   1.005125 | 0.0072191952 |   1.051 |
|        -2.5494897 | 0.99737251 | 0.0070905008 |   1.049 |
|        -2.5282015 |  1.0046193 | 0.0072059888 |   1.048 |
|        -2.5069191 |  1.0009933 |   0.00716845 |   1.046 |
|        -2.4856354 | 0.99612183 | 0.0071109736 |   1.044 |
|        -2.4643516 | 0.99466459 | 0.0070813584 |   1.043 |
|        -2.4430683 |  1.0024699 | 0.0071037672 |   1.041 |
|        -2.4217818 | 0.99519316 | 0.0070806296 |    1.04 |
|        -2.4004989 |  1.0082986 | 0.0071387332 |   1.038 |
|        -2.3792167 | 0.99608842 | 0.0070679296 |   1.037 |
|        -2.3579327 |  1.0082667 | 0.0072494836 |   1.036 |
|         -2.336646 | 0.99773605 | 0.0070746272 |   1.034 |
|        -2.3153603 | 0.99894937 |  0.007083828 |   1.033 |
|         -2.294074 |  1.0019836 | 0.0071073848 |   1.032 |
|        -2.2727892 |  1.0006603 | 0.0071384884 |    1.03 |
|         -2.251503 | 0.98903307 | 0.0070172488 |   1.029 |
|        -2.2302154 | 0.99491276 |  0.007047878 |   1.028 |
|        -2.2089278 | 0.99837864 | 0.0071112256 |   1.027 |
|        -2.1876383 | 0.99792229 |  0.007090314 |   1.026 |
|        -2.1663489 |  1.0001147 | 0.0071374748 |   1.024 |
|        -2.1450635 |  1.0025444 | 0.0072139184 |   1.023 |
|        -2.1237799 |  1.0042932 |  0.007153386 |   1.022 |
|        -2.1024884 | 0.99252631 | 0.0070632792 |   1.021 |
|        -2.0811985 | 0.99794306 | 0.0070563496 |    1.02 |
|        -2.0599118 | 0.99547437 | 0.0070887396 |   1.019 |
|        -2.0386263 | 0.99744347 |  0.007043062 |   1.018 |
|        -2.0173329 | 0.99575594 |  0.007096706 |   1.018 |
|        -1.9960691 | 0.99727068 | 0.0070963912 |   1.017 |
|        -1.9747869 |  1.0046619 | 0.0071554664 |   1.016 |
|        -1.9534993 | 0.99659885 | 0.0071637556 |   1.015 |
|        -1.9322144 | 0.99494463 | 0.0070602984 |   1.014 |
|        -1.9109266 | 0.99928592 | 0.0071520896 |   1.014 |
|        -1.8896425 | 0.99048904 | 0.0071178516 |   1.013 |
|        -1.8683515 | 0.99294835 | 0.0070548692 |   1.012 |
|        -1.8470625 | 0.99558649 |  0.007064162 |   1.012 |
|        -1.8257635 | 0.99997996 | 0.0071886792 |   1.011 |
|        -1.8044778 | 0.99648058 |  0.007058648 |    1.01 |
|        -1.7832113 |  1.0053733 | 0.0072491148 |    1.01 |
|        -1.7619204 | 0.99927571 | 0.0071224544 |   1.009 |
|        -1.7406241 |  1.0028425 |  0.007083008 |   1.009 |
|        -1.7193345 |  1.0029299 | 0.0073279504 |   1.008 |
|        -1.6980541 |   1.000784 | 0.0073612292 |   1.008 |
|        -1.6767681 | 0.99779753 |    0.0071567 |   1.007 |
|        -1.6554749 | 0.99448476 | 0.0070640104 |   1.007 |
|        -1.6341845 |  0.9937992 | 0.0070438508 |   1.007 |
|        -1.6128945 |  1.0003486 |   0.00711659 |   1.006 |
|        -1.5916034 | 0.99751443 | 0.0070396068 |   1.006 |
|        -1.5703135 | 0.99980699 | 0.0070997068 |   1.006 |
|        -1.5490272 |  1.0012777 | 0.0072143944 |   1.006 |
|        -1.5277421 |  1.0010721 |  0.007135588 |   1.005 |
|        -1.5064534 | 0.99285879 | 0.0070702332 |   1.005 |
|        -1.4851331 | 0.99902493 | 0.0071109648 |   1.005 |
|         -1.463762 | 0.99657898 | 0.0070997392 |   1.005 |
|        -1.4424256 |  1.0014701 | 0.0071752512 |   1.005 |
|          -1.42107 | 0.99487331 |  0.007085042 |   1.005 |
|        -1.3997464 | 0.99681614 | 0.0070751548 |   1.005 |
|        -1.3784496 | 0.99612309 | 0.0069714888 |   1.005 |
|        -1.3571502 | 0.99776025 | 0.0070119604 |   1.005 |
|        -1.3358176 | 0.99531431 | 0.0070259328 |   1.005 |
|        -1.3144943 | 0.99535854 | 0.0069752936 |   1.005 |
|        -1.2931982 |  1.0002559 | 0.0070128804 |   1.005 |
|        -1.2718925 | 0.99205489 | 0.0070001028 |   1.005 |
|        -1.2505543 |  1.0020356 |  0.007103176 |   1.005 |
|        -1.2292571 | 0.99525183 |  0.007074768 |   1.006 |
|        -1.2079121 |  1.0018684 | 0.0073116888 |   1.006 |
|        -1.1864119 | 0.99647562 | 0.0070395364 |   1.006 |
|        -1.1648556 | 0.99250979 | 0.0070072332 |   1.006 |
|        -1.1432757 | 0.99015204 | 0.0070020916 |   1.007 |
|        -1.1217138 | 0.99366388 | 0.0070571756 |   1.007 |
|        -1.1001447 | 0.99529165 | 0.0071158212 |   1.007 |
|        -1.0786917 | 0.99884808 | 0.0074021264 |   1.008 |
|        -1.0572883 | 0.99722139 | 0.0072458768 |   1.008 |
|        -1.0359918 |  1.0104973 | 0.0073719376 |   1.009 |
|         -1.014699 | 0.99340758 | 0.0070921752 |   1.009 |
|       -0.99341132 | 0.99591618 | 0.0071958156 |    1.01 |
|       -0.97212387 |  0.9968824 | 0.0070612768 |    1.01 |
|       -0.95083896 | 0.98988311 | 0.0070649336 |   1.011 |
|       -0.92955304 |  1.0019234 | 0.0071714744 |   1.011 |
|       -0.90826621 | 0.99637126 |  0.007067118 |   1.012 |
|       -0.88698229 | 0.99540007 | 0.0071057004 |   1.013 |
|       -0.86567354 | 0.99713147 | 0.0071165456 |   1.013 |
|       -0.84438941 | 0.99094196 | 0.0070439488 |   1.014 |
|       -0.82310593 | 0.99991785 | 0.0071022352 |   1.015 |
|       -0.80182615 | 0.99533976 | 0.0070291688 |   1.016 |
|       -0.78054763 | 0.99075617 | 0.0070206044 |   1.016 |
|       -0.75925862 | 0.99490382 | 0.0070519248 |   1.017 |
|       -0.73797115 | 0.99552068 | 0.0070276904 |   1.018 |
|       -0.71670296 | 0.99817796 | 0.0070679824 |   1.019 |
|       -0.69542237 | 0.99406497 | 0.0070147512 |    1.02 |
|       -0.67411321 | 0.99406199 | 0.0070432412 |   1.021 |
|       -0.65283032 |  1.0008679 | 0.0070729916 |   1.022 |
|       -0.63155042 | 0.99464554 | 0.0070293548 |   1.023 |
|       -0.61026839 | 0.98937016 | 0.0070543084 |   1.024 |
|       -0.58898444 |  0.9973225 |  0.007092214 |   1.025 |
|       -0.56766572 | 0.99651579 | 0.0070260916 |   1.026 |
|       -0.54637922 |  1.0019191 | 0.0070515564 |   1.027 |
|        -0.5250935 | 0.99943568 | 0.0070596568 |   1.029 |
|       -0.50380809 | 0.99585316 |    0.0069998 |    1.03 |
|       -0.48252201 | 0.99377952 | 0.0070525948 |   1.031 |
|       -0.46121979 | 0.99487936 | 0.0070442068 |   1.032 |
|       -0.43993957 | 0.99736944 | 0.0070143932 |   1.034 |
|        -0.4186607 | 0.99866563 |  0.007001782 |   1.035 |
|         -0.397377 | 0.99873622 | 0.0070981172 |   1.036 |
|       -0.37609053 | 0.99511714 | 0.0070529084 |   1.038 |
|       -0.35480246 | 0.99749592 |  0.006969308 |   1.039 |
|       -0.33352101 | 0.99196524 | 0.0069368876 |   1.041 |
|       -0.31223339 |  1.0003291 |  0.007033076 |   1.042 |
|       -0.29094817 | 0.99958292 |  0.007142148 |   1.044 |
|       -0.26966213 | 0.99559209 | 0.0071267932 |   1.045 |
|       -0.24837996 |  1.0008145 | 0.0070487684 |   1.047 |
|       -0.22709475 |  1.0047219 | 0.0071524012 |   1.049 |
|       -0.20581328 | 0.99396793 | 0.0070260544 |    1.05 |
|       -0.18454986 |  1.0009105 | 0.0070918452 |   1.052 |
|       -0.16326788 | 0.99125098 | 0.0070782268 |   1.054 |
|       -0.14198078 | 0.99641378 | 0.0070440508 |   1.056 |
|        -0.1206947 | 0.99648663 | 0.0070394496 |   1.057 |
|      -0.099403773 |  1.0019831 | 0.0070648372 |   1.059 |
|      -0.078121606 | 0.99013453 | 0.0070088276 |   1.061 |
|      -0.056835741 | 0.99240868 | 0.0070341128 |   1.063 |
|      -0.035551451 |  1.0005132 |  0.007079938 |   1.065 |
|      -0.014262501 |  1.0013996 |  0.007045436 |   1.067 |
|      0.0070317909 |  1.0023647 |  0.007024052 |   1.069 |
|       0.028319634 | 0.99914635 |  0.007147078 |   1.071 |
|       0.049611636 | 0.99746261 | 0.0071231936 |   1.073 |
|       0.070890438 |  1.0004925 | 0.0071677428 |   1.076 |
|       0.092175856 | 0.99764668 |  0.007101054 |   1.078 |
|        0.11345667 |  1.0106468 | 0.0071941216 |    1.08 |
|        0.13474718 |  0.9968425 | 0.0070102744 |   1.082 |
|        0.15603294 |  0.9998013 | 0.0069797756 |   1.085 |
|        0.17732018 | 0.99776657 | 0.0070129756 |   1.087 |
|         0.1986003 | 0.99547139 | 0.0070861868 |   1.089 |
|        0.21991114 |  1.0004916 | 0.0070253976 |   1.092 |
|        0.24119604 |   0.999209 | 0.0070010384 |   1.094 |
|        0.26248111 |  0.9911087 |   0.00702414 |   1.097 |
|        0.28376437 |  0.9970087 | 0.0070354104 |     1.1 |
|        0.30505269 | 0.99853807 | 0.0070944144 |   1.102 |
|        0.32633759 |  0.9872447 |  0.006946818 |   1.105 |
|         0.3476236 |  0.9965194 | 0.0070070752 |   1.108 |
|        0.36890593 |  1.0050907 | 0.0070999912 |    1.11 |
|        0.39019101 | 0.99007865 | 0.0070819648 |   1.113 |
|         0.4114752 |  0.9903613 |  0.007466226 |   1.116 |
|        0.43276212 |  1.0038709 | 0.0072235228 |   1.119 |
|        0.45407556 |  0.9985331 | 0.0071806756 |   1.122 |
|        0.47536588 | 0.99916648 | 0.0071785448 |   1.125 |
|        0.49665185 | 0.99386808 | 0.0070739304 |   1.128 |
|        0.51793963 | 0.98963368 | 0.0070550464 |   1.131 |
|        0.53922379 | 0.99767774 | 0.0070504288 |   1.134 |
|         0.5605109 | 0.99825117 | 0.0070663152 |   1.137 |
|        0.58182743 | 0.99601413 | 0.0071543288 |    1.14 |
|        0.60311656 | 0.99751542 | 0.0073072312 |   1.144 |
|        0.62439974 | 0.99893537 | 0.0072252548 |   1.147 |
|        0.64568509 |  1.0009191 | 0.0072948848 |    1.15 |
|        0.66694215 |  1.0006735 | 0.0072511416 |   1.154 |
|         0.6882301 | 0.99324671 | 0.0071823948 |   1.157 |
|         0.7095185 |  1.0004043 | 0.0072712548 |   1.161 |
|        0.73080416 |  0.9929989 | 0.0071861796 |   1.165 |
|        0.75209593 |  1.0018661 | 0.0072718804 |   1.168 |
|        0.77338417 | 0.99972014 | 0.0072520692 |   1.172 |
|        0.79466857 | 0.99501134 | 0.0071221532 |   1.176 |
|        0.81595929 | 0.99781125 | 0.0071708444 |    1.18 |
|        0.83724816 |  1.0032195 |  0.007307392 |   1.183 |
|        0.85853855 |   1.006303 | 0.0073674224 |   1.187 |
|        0.87982589 |  1.0003865 | 0.0074090136 |   1.191 |
|        0.90109129 | 0.99575323 | 0.0073944284 |   1.195 |
|        0.92238396 |  1.0004925 | 0.0078151404 |     1.2 |
|         0.9436731 |  1.0096667 | 0.0074491292 |   1.204 |
|         0.9649592 |  1.0041632 |  0.007382064 |   1.208 |
|        0.98624663 |  0.9969214 | 0.0073304668 |   1.212 |
|         1.0075327 | 0.99757293 | 0.0072681268 |   1.217 |
|         1.0288198 |  1.0038929 | 0.0073739816 |   1.221 |
|         1.0501104 | 0.99395294 | 0.0072878416 |   1.226 |
|         1.0713952 |  1.0004994 | 0.0073576428 |    1.23 |
|         1.0926827 |  1.0027514 |  0.007333084 |   1.235 |
|         1.1139714 | 0.99637063 | 0.0072896388 |    1.24 |
|         1.1352604 | 0.99240218 |  0.007205242 |   1.244 |
|         1.1565445 |  1.0061499 | 0.0073130416 |   1.249 |
|         1.1778304 | 0.99638706 | 0.0073316456 |   1.254 |
|         1.1991148 | 0.99100217 | 0.0073103968 |   1.259 |
|         1.2204035 | 0.99645684 |  0.007380576 |   1.264 |
|         1.2416932 | 0.99892373 |  0.007536168 |    1.27 |
|         1.2629996 | 0.99571071 | 0.0078703164 |   1.275 |
|         1.2842866 | 0.99706955 | 0.0079748876 |    1.28 |
|         1.3055758 | 0.99571667 | 0.0082174704 |   1.285 |
|         1.3268633 | 0.99817615 |  0.007821902 |   1.291 |
|         1.3481439 |  1.0020353 |  0.007664538 |   1.297 |
|         1.3694396 | 0.99936274 | 0.0075246904 |   1.302 |
|         1.3907259 |   0.989367 | 0.0079862272 |   1.308 |
|         1.4120099 | 0.99993148 |  0.007873298 |   1.314 |
|         1.4332928 |  1.0026226 | 0.0080911028 |    1.32 |
|         1.4545817 |  1.0078586 | 0.0081783476 |   1.326 |
|         1.4758677 | 0.99818987 | 0.0078197328 |   1.332 |
|         1.4971568 |  1.0003193 | 0.0077378136 |   1.338 |
|         1.5184443 |  0.9930407 | 0.0075397616 |   1.344 |
|         1.5610209 | 0.99530374 | 0.0073824524 |   1.357 |
|         1.5823297 |  1.0013914 | 0.0076798752 |   1.364 |
|         1.6036168 |   1.000219 | 0.0074855528 |    1.37 |
|         1.6248999 | 0.99589054 | 0.0073613892 |   1.377 |
|          1.646187 |   1.003349 | 0.0075336884 |   1.384 |
|         1.6674712 | 0.99913615 |   0.00743295 |   1.391 |
|         1.6887611 |  0.9950609 | 0.0074596056 |   1.398 |
|         1.7100477 |  1.0007733 | 0.0075081692 |   1.405 |
|         1.7313302 | 0.99765138 | 0.0074953416 |   1.413 |
|         1.7526195 | 0.99920945 | 0.0075503684 |    1.42 |
|          1.795194 | 0.99636729 | 0.0075450596 |   1.435 |
|         1.8164771 | 0.99258183 | 0.0075892336 |   1.443 |
|         1.8377657 | 0.99908252 | 0.0075605956 |   1.451 |
|         1.8590505 | 0.99716388 | 0.0074281408 |   1.459 |
|         1.8803402 | 0.99610783 | 0.0073961344 |   1.467 |
|         1.9016242 | 0.99744076 | 0.0074562688 |   1.476 |
|         1.9229171 | 0.99378719 | 0.0074564952 |   1.484 |
|         1.9442026 |  1.0006587 | 0.0074877908 |   1.493 |
|         1.9654895 | 0.99795091 | 0.0073957048 |   1.502 |
|         1.9867744 | 0.99467325 | 0.0075444368 |   1.511 |
|         2.0080604 | 0.99582202 | 0.0074177532 |    1.52 |
|         2.0293426 |  1.0011917 | 0.0074960284 |   1.529 |
|         2.0506265 | 0.99792302 | 0.0074912092 |   1.538 |
|         2.0719079 | 0.99127002 |  0.007514664 |   1.548 |
|         2.0931978 |  1.0067357 | 0.0078452948 |   1.557 |
|         2.1144856 | 0.99610097 | 0.0077901616 |   1.567 |
|         2.1357764 |  0.9954657 | 0.0076988044 |   1.577 |
|         2.1570659 |  1.0010309 | 0.0079098904 |   1.587 |
|         2.1783537 | 0.99776106 | 0.0076523344 |   1.597 |
|         2.1996406 | 0.99595482 | 0.0076062064 |   1.608 |
|         2.2209243 | 0.99867493 | 0.0077547084 |   1.619 |
|          2.242208 | 0.99944002 | 0.0077661064 |    1.63 |
|         2.2634933 |   1.000597 | 0.0076829144 |   1.641 |
|         2.2847803 |  1.0037429 | 0.0076966932 |   1.652 |
|          2.306065 |  1.0050214 | 0.0077830756 |   1.663 |
|         2.3273491 |  1.0014456 |  0.007795054 |   1.675 |
|         2.3486363 |  1.0015293 | 0.0077115316 |   1.687 |
|         2.3699216 |  1.0054576 | 0.0079175492 |   1.699 |
|           2.39121 | 0.99330909 | 0.0077826524 |   1.711 |
|         2.4124989 |  1.0059685 | 0.0079310312 |   1.724 |
|         2.4337846 | 0.99848769 | 0.0078727524 |   1.737 |
|          2.455072 |  1.0019005 |  0.008017018 |    1.75 |
|         2.4763804 |  1.0044737 | 0.0081597748 |   1.763 |
|         2.4976665 |   1.005366 |   0.00849206 |   1.776 |
|         2.5189524 |  1.0054158 | 0.0087105724 |    1.79 |
|         2.5402373 |  1.0038058 | 0.0085691984 |   1.804 |
|         2.5615239 |  1.0005139 | 0.0083415572 |   1.818 |
|         2.5828096 |  1.0055591 | 0.0083125036 |   1.833 |
|         2.6040757 |  1.0009438 | 0.0084273984 |   1.848 |
|          2.625359 |  1.0033607 | 0.0083208888 |   1.863 |
|         2.6466481 |  1.0000525 | 0.0087469944 |   1.878 |
|         2.6679351 | 0.99994033 | 0.0084960656 |   1.894 |
|         2.6893067 |  1.0034891 | 0.0084631124 |    1.91 |
|         2.7106012 |  1.0039434 | 0.0084880288 |   1.927 |
|         2.7318859 |  1.0067043 | 0.0085622148 |   1.943 |
|         2.7531718 |  1.0045577 | 0.0086817148 |    1.96 |
|         2.7744564 | 0.99974605 | 0.0085598264 |   1.978 |
|         2.7957372 |  1.0067239 | 0.0086324412 |   1.996 |
|         2.8170511 |  1.0029309 | 0.0086859732 |   2.014 |
|         2.8383384 |   1.001023 | 0.0085920324 |   2.032 |
|         2.8596192 |  1.0129923 | 0.0087004724 |   2.051 |
|         2.8809043 |  1.0043144 | 0.0087874268 |    2.07 |
|         2.9021905 | 0.99524931 | 0.0084065424 |    2.09 |
|         2.9234769 |   1.006787 | 0.0087317376 |    2.11 |
|         2.9447625 |  1.0031433 | 0.0084654224 |   2.131 |
|         2.9660517 |        1.0 | 0.0084501128 |   2.152 |
